1.000000000000000000e+00
3.700000000000000178e+00
9.099999999999999645e+00
7.300000000000000711e+00
5.500000000000000000e+00
8.249905065828585293e+00
1.000000000000000000e+01
9.120679714296249685e+00
1.896400950130584073e+00
6.499832202064648179e+00
1.000000000000000000e+01
8.138630281761564333e+00
4.747607647037823675e+00
1.000000000000000000e+00
9.212659683849974357e+00
1.000000000000000000e+01
7.193580418599447412e+00
2.849591365320694347e+00
6.093365557690986201e+00
9.018727656395004288e+00
