7.586160047538945649e-03
8.801968098173409416e-01
7.177425915020596570e-01
9.141726522644963993e-01
8.535726414346285207e-01
9.438002978292521217e-01
9.309966549322067353e-01
9.529118805382639223e-01
9.672437055531293293e-01
8.948121418252422687e-01
9.673974150325688193e-01
9.595015387733534240e-01
5.575109757234298913e-01
9.489351591801958863e-01
8.116586345555085735e-01
9.685300709358884985e-01
9.309716766092779316e-01
9.606748777388482985e-01
9.669059066937838454e-01
9.604777680415409469e-01
