5.496394411888171939e-03
6.458230404810463288e-01
8.521024527208405086e-01
9.130577416537508650e-01
9.430245844674415290e-01
9.308839478310702020e-01
9.580926902954194357e-01
9.656806351041860026e-01
9.608518321818965147e-01
9.532801028376133301e-01
9.667442771136224300e-01
9.609689515213462041e-01
8.897654845472358076e-01
5.543972943084338745e-01
9.656700577172403488e-01
9.623996964644888630e-01
9.474960242202778993e-01
8.131095565040665774e-01
9.341803859506632168e-01
9.677173260864003757e-01
