1.988002876404408141e+02
1.916739956476057785e+02
1.909589213080462287e+02
1.904842366521101837e+02
1.901729212818646317e+02
1.901249368803742357e+02
1.901107186537050495e+02
1.899553708634805673e+02
1.899031927571226390e+02
1.899331801526628567e+02
1.899816428315572523e+02
1.899390068685876543e+02
1.899268508531857549e+02
1.898713491287738862e+02
1.898818317223050371e+02
1.898399727480991146e+02
1.898633107142573238e+02
1.898176838751084574e+02
1.898209666746654420e+02
1.898146802273437856e+02
