7.983290709562978343e-03
6.230156858109215934e-01
9.397516340435770887e-01
9.580368809886455894e-01
9.133748283320030081e-01
9.543119881094015433e-01
9.657610686691023849e-01
8.691618946846453309e-01
9.337722047859361441e-01
9.609950414162342636e-01
9.680248590372576567e-01
9.532608023541241371e-01
8.230104454448732287e-01
5.515192345943815688e-01
8.993117157697334552e-01
9.621183515775443285e-01
9.674395420206687302e-01
9.422516857081831843e-01
9.227146094557858724e-01
9.597184048201415907e-01
