1.989350683144235177e+02
1.887371786092770094e+02
1.895471791415301368e+02
1.898741627361531812e+02
1.900052958027202976e+02
1.899733900491611109e+02
1.899623820282700706e+02
1.899670493430382692e+02
1.900294302535042448e+02
1.900887559793994512e+02
1.900514499874057890e+02
1.900403147983454062e+02
1.901722074811158052e+02
1.901226231096423760e+02
1.900661266118879382e+02
1.899914837013436113e+02
1.900176991013934185e+02
1.899713692016777031e+02
1.900148093119588282e+02
1.899751149086771420e+02
