2.055626827702503761e+02
1.907233984195513301e+02
1.907404608055594508e+02
1.903702432161769025e+02
1.902889434789051961e+02
1.900415395203298203e+02
1.898793390762555191e+02
1.899521571935137558e+02
1.900142617973788219e+02
1.900122894809319121e+02
1.899270887657733908e+02
1.899251878069388795e+02
1.899297942462494291e+02
1.899036014093252618e+02
1.899046321824937706e+02
1.899307531024157072e+02
1.898803051642416619e+02
1.898702802427711163e+02
1.898819858833244041e+02
1.898863328053727741e+02
