1.000000000000000000e+00
9.099999999999999645e+00
1.899999999999999911e+00
5.500000000000000000e+00
3.700000000000000178e+00
7.357038492994446344e+00
6.489859753145116095e+00
8.104026149542413293e+00
1.000000000000000000e+01
4.715682161962160279e+00
1.000000000000000000e+01
8.938271352485809729e+00
1.000000000000000000e+00
1.000000000000000000e+01
7.707886624959609634e+00
2.889686565156499132e+00
6.477095341102427462e+00
9.124685769772330701e+00
1.000000000000000000e+01
8.485053024229461727e+00
