1.000000000000000000e+00
1.899999999999999911e+00
9.099999999999999645e+00
5.500000000000000000e+00
3.700000000000000178e+00
7.836161146204833727e+00
6.755214829087553774e+00
1.000000000000000000e+01
8.691270464595099554e+00
1.000000000000000000e+01
9.243308217896380796e+00
4.685011911542671825e+00
7.820472912955774625e+00
1.000000000000000000e+00
6.391623570243689656e+00
1.000000000000000000e+01
8.997884833916041103e+00
2.905891674446710482e+00
7.345245374461998544e+00
8.494012724206303488e+00
