8.373039373821229703e-03
7.210751131721989671e-01
9.555869582749559887e-01
9.720015860765687243e-01
9.354350491223920594e-01
9.651755141256763704e-01
9.771285079672773488e-01
8.896851294373612218e-01
9.488598252506861286e-01
9.740577267882716272e-01
9.742501827490350763e-01
9.664809615454000857e-01
8.485790872071368174e-01
5.831885816916240195e-01
9.190159690202003295e-01
9.743630772246432148e-01
9.603408235367034695e-01
9.782125168508646329e-01
9.447906379641081154e-01
9.725307259371721580e-01
