2.200603320289638418e+02
1.899422550171213402e+02
1.884283913707288605e+02
1.888593716157436404e+02
1.890451971101782362e+02
1.891963532569900792e+02
1.893941479196101909e+02
1.895473630702469734e+02
1.895561153999241242e+02
1.896048444352578315e+02
1.896965315079468439e+02
1.897053484769005820e+02
1.896422519931946908e+02
1.896492199003489816e+02
1.896534760460950508e+02
1.896192418050544575e+02
1.896298740394221056e+02
1.896451644197180997e+02
1.896914950163261153e+02
1.897058144003654263e+02
