1.427567474638246097e+02
1.878189061615192372e+02
1.886455735695712974e+02
1.895700226022140669e+02
1.897267002223483416e+02
1.898271926552557147e+02
1.898577871661343579e+02
1.899921278235117086e+02
1.900368115723738640e+02
1.900109640627694034e+02
1.900261872646773043e+02
1.899000503481017290e+02
1.899127765331318471e+02
1.899577374966108039e+02
1.898801251855572332e+02
1.898220250878399611e+02
1.898725823975541971e+02
1.899115066714708178e+02
1.899439045991943544e+02
1.899397265701237245e+02
