2.002122465768388648e-01
9.507792652083957297e-01
9.570746567107426550e-01
9.557875726547138129e-01
9.381794454424494667e-01
9.593836994612140456e-01
9.428758809751899284e-01
9.425221544170372390e-01
9.505332196937272826e-01
9.548250841492358365e-01
8.785627509335820484e-01
9.450773771781980637e-01
9.612996945209474342e-01
9.385941179684036406e-01
9.486115767923040121e-01
9.424182354348557000e-01
9.527658054729082338e-01
9.221367331321548289e-01
9.516868816235528605e-01
9.364855470298218965e-01
