2.468416627322994605e-01
9.681452537526178403e-01
9.743953186209450834e-01
9.720970892610463210e-01
9.697180951003476768e-01
9.757871287305394103e-01
9.723077061332113802e-01
9.745462213189276524e-01
9.671659777809844538e-01
9.726144318709938341e-01
9.730022915507779979e-01
9.756555762706030643e-01
9.710154423436490045e-01
9.681532268713830547e-01
9.704045182171190387e-01
9.696834392612542208e-01
9.702563015804719360e-01
9.750641921473467422e-01
9.752702986040635569e-01
9.719278439592455854e-01
