2.467363791787130223e-01
9.709939479955991271e-01
9.733060033867881877e-01
9.768926559982621383e-01
9.747890373519907392e-01
9.713016925869961682e-01
9.668976821159831481e-01
9.766845929365168821e-01
9.696682131543430394e-01
9.718875461221805345e-01
9.667913822345944874e-01
9.695839477116838800e-01
9.717389868288366372e-01
9.729550822887691464e-01
9.715203326726192801e-01
9.480693999355586099e-01
9.758902869017241910e-01
9.733012063919277423e-01
9.712048482011518269e-01
9.627314738690063711e-01
