2.461712049762057319e-01
9.758653785232568323e-01
9.728098647726494130e-01
9.656770408291964758e-01
9.707217319244164644e-01
9.744279551457670774e-01
9.725475803419671994e-01
9.720286696378851454e-01
9.772898914997393272e-01
9.739295765681523775e-01
9.717745334918204136e-01
9.746873081075133616e-01
9.752362465604997865e-01
9.666231224862413818e-01
9.724940691262824455e-01
9.646723262996639292e-01
9.715602618372699562e-01
9.718691471357979728e-01
9.727440897935974995e-01
9.695914037109912842e-01
