2.015091387421660551e-01
9.469349365957090425e-01
9.472996717773147779e-01
9.310723328094447915e-01
9.331443957798896127e-01
9.178756403378227624e-01
9.534235426552611914e-01
9.438847328007714532e-01
9.468989701745903487e-01
9.598531341298892627e-01
9.460266302110176273e-01
9.429502141164407547e-01
9.238338137180677201e-01
9.478859368168885968e-01
9.290756194455483952e-01
9.605770095856058788e-01
9.413174825006374036e-01
9.494558747475330129e-01
9.357639700887782075e-01
9.472687196234096385e-01
