1.994574457064718920e-01
9.476631832851656334e-01
9.400983082080099917e-01
9.447752482561396770e-01
9.589785808264714717e-01
9.505568956463800179e-01
9.621964030324793304e-01
9.547146829295514170e-01
9.511079806048854390e-01
8.566547715613432867e-01
9.493161912571737027e-01
9.503821339771867382e-01
9.324478806217728621e-01
9.546264939446588160e-01
9.581750118433852714e-01
9.413720948959942714e-01
9.612909820858153154e-01
9.563709110733218388e-01
9.397717187342374823e-01
9.448887833275348980e-01
