2.067275866869393297e-01
9.531660550852363301e-01
9.472932197036467716e-01
9.535670300634494501e-01
9.543080859659219817e-01
8.746766959496925509e-01
9.360996905484090247e-01
9.471277314756255672e-01
9.500076120316091055e-01
9.382849971364876085e-01
9.453692857520710202e-01
9.453433418950731859e-01
9.584694750316906653e-01
9.325781511313555594e-01
9.289576346666298390e-01
9.483046441488608425e-01
8.972050373728749362e-01
9.435986034470279504e-01
9.564036421348630634e-01
9.512177892556979986e-01
