2.034598630632862837e-01
9.565769984285711347e-01
9.554811573339144770e-01
9.458442208470216883e-01
9.175538931438362855e-01
9.624368711652593333e-01
9.460672531847713618e-01
9.354025150706118952e-01
9.318550681373374278e-01
9.527857254800894404e-01
9.338894083762563358e-01
9.378299305032433697e-01
9.272774458267786235e-01
9.570670810953451069e-01
9.522837292789545494e-01
8.783992900480527277e-01
9.219675262573366892e-01
9.435103629501233602e-01
9.449112495704224957e-01
9.513067581668518402e-01
