2.015693559620778674e-01
9.570994797402442300e-01
9.562002671648391905e-01
9.493090369160601671e-01
9.506841276641153637e-01
9.595262997138505057e-01
9.588429792757217074e-01
9.563445339111132926e-01
9.360358767207676012e-01
9.561425754349907047e-01
9.391740986062485641e-01
9.552105230469233321e-01
9.478891293227900139e-01
9.581971494763673602e-01
9.524004755492211372e-01
9.388682044399857540e-01
9.574232207290038765e-01
9.575177928218342460e-01
9.479874637293153050e-01
9.627597696034322361e-01
