2.492807930693801688e-01
9.710261592365799777e-01
9.693190280122688796e-01
9.714154355935441520e-01
9.706610302515975564e-01
9.691173973420238452e-01
9.700227283980484838e-01
9.593577144140749136e-01
9.707932006773384304e-01
9.692751500981588997e-01
9.746003060667004503e-01
9.750405272330189277e-01
9.761282146692289441e-01
9.683795172890173886e-01
9.708383507111816302e-01
9.689487453506685499e-01
9.712677660999022855e-01
9.708195560669584667e-01
9.611806128038015151e-01
9.763046121700832414e-01
