1.439062689546200247e+01
1.415728168349758143e+01
1.412371572118865792e+01
1.408715122990883550e+01
1.406885011991145618e+01
1.406190482037311718e+01
1.405996873107673295e+01
1.405508804236108311e+01
1.405601237503993062e+01
1.405243923588712640e+01
1.405147057026864132e+01
1.404865199504978790e+01
1.404652771133392086e+01
1.403927167423075772e+01
1.404339166021464358e+01
1.404299390572920103e+01
1.404416816677688296e+01
1.404047424644882192e+01
1.404135932919473895e+01
1.404077198006413241e+01
