1.666684453820742419e+04
3.273204481782704170e+04
3.704256798954024271e+04
3.733967838659384870e+04
3.744029478496702359e+04
3.749018022703163297e+04
3.750985541166205803e+04
3.754598439733788109e+04
3.757225017388763081e+04
3.758818844240058388e+04
3.759504300272568071e+04
3.760341533992248878e+04
3.760977825592050067e+04
3.761452624594367080e+04
3.761606209113067598e+04
3.761780137138326245e+04
3.761876040227027988e+04
3.762525264089983102e+04
3.762328137683372188e+04
3.762308331948961131e+04
