7.675817536059034545e-03
6.427641161828168137e-02
5.445980869429262183e-01
9.803354117192579764e-01
9.960972700437101812e-01
9.979624858655701258e-01
9.985511130921707057e-01
9.987420914336082589e-01
9.989393340389332021e-01
9.991412262317621584e-01
9.992110430432884494e-01
9.993138706823431194e-01
9.993974235310001397e-01
9.994765083391290439e-01
9.994902220493520062e-01
9.994902970339770709e-01
9.995608463384775266e-01
9.995800119642670456e-01
9.995787534964043486e-01
9.995915921936047166e-01
