7.848100918090258347e+03
2.992583289214136676e+04
3.745003215509875008e+04
3.733464331312234572e+04
3.745409075141297217e+04
3.747759285449067829e+04
3.749952604459422582e+04
3.752865831028006505e+04
3.752006504040477739e+04
3.752133204503711022e+04
3.752293666565835156e+04
3.754140104018264537e+04
3.754789942549388797e+04
3.755752189735492721e+04
3.757088672942888661e+04
3.757270508939174761e+04
3.758234643504555424e+04
3.758432774488200084e+04
3.758597251507714100e+04
3.758724630105881806e+04
