8.269686903434965643e+03
2.279445621982892408e+04
3.706162872070712910e+04
3.721831248066403350e+04
3.740834376147582952e+04
3.751279811722387967e+04
3.755801518788043177e+04
3.758257477453492174e+04
3.760786780771399935e+04
3.760918046526377293e+04
3.762540067756757344e+04
3.762495261107494298e+04
3.762453508832574880e+04
3.762831078848853213e+04
3.762688632191755460e+04
3.763141170891462389e+04
3.763486825597255665e+04
3.764036738797737053e+04
3.764214743784294114e+04
3.764471718684426742e+04
