3.932167367036272336e-03
9.457694003105275582e-03
3.267754562343559432e-01
9.730674990150967041e-01
9.942593249112339215e-01
9.958449413531260674e-01
9.973078047618388897e-01
9.977828912182978849e-01
9.982947286093538652e-01
9.983241081922139548e-01
9.985180751618831785e-01
9.986584763156322042e-01
9.987614220623655115e-01
9.988960600537067913e-01
9.990604656020216634e-01
9.990749861656177400e-01
9.991575701200305915e-01
9.991867561883098769e-01
9.992500104101753600e-01
9.992722109194943636e-01
