5.583310303545168426e+04
3.562851203306328534e+04
3.547056880579068820e+04
3.749852186532778433e+04
3.743573613184050191e+04
3.747608764747576788e+04
3.751174020914901485e+04
3.752470076642025379e+04
3.755429733445133024e+04
3.756743800713773089e+04
3.757948683285370498e+04
3.757041066559956380e+04
3.758088544849774917e+04
3.759596796025528602e+04
3.760535040207354905e+04
3.760676632588251232e+04
3.761526739551909122e+04
3.761690170011347800e+04
3.761823950683089060e+04
3.761561811408478388e+04
