1.260011063233635650e+04
2.827410888773985425e+04
3.753684062401625852e+04
3.720862713484693086e+04
3.741790505618590396e+04
3.744979692703603359e+04
3.748644450704767951e+04
3.750317275186856568e+04
3.751737193453209329e+04
3.753301528386514838e+04
3.756256568809252349e+04
3.757147116362936504e+04
3.757719719651218475e+04
3.758157369510301214e+04
3.759307166514335404e+04
3.759401788849626610e+04
3.759079189023025538e+04
3.759603192485165346e+04
3.759824522935108689e+04
3.760270276661719254e+04
