3.396693206354477450e-03
1.811734488450488564e-03
1.452584524459301363e-01
9.438337140506674050e-01
9.920342488745362841e-01
9.956545074842734211e-01
9.968349476422807554e-01
9.976682992396956884e-01
9.980665031484657890e-01
9.983237593230759321e-01
9.987383084264184196e-01
9.989015820078739338e-01
9.990320452531241679e-01
9.990697662531126122e-01
9.990727075696493875e-01
9.991396488690164057e-01
9.991727920081746595e-01
9.991806759637600344e-01
9.992027988527641957e-01
9.992633518592729525e-01
