5.181223260521152344e+13
1.832946169211942196e+09
4.055365948379389191e+10
4.177157869481751953e+12
1.587373607538249512e+11
1.310894050692922974e+11
4.326498691113304138e+10
2.002794949802811328e+13
5.070905056924216919e+11
7.695982043498907227e+12
1.122313993207729248e+12
1.073408844319510312e+14
2.177792669053629297e+13
1.148934726020295312e+14
7.643917074696726250e+14
2.130605263573381875e+14
7.098612975115842000e+15
2.486892713539394922e+13
1.031808827980492250e+15
1.182897903835113400e+16
