1.164854628130050358e-04
1.018063882311108818e-04
1.231814922581135152e-04
1.000913611632267000e-04
2.002481689513299070e-04
1.492815600224155356e-04
1.807833452056836526e-04
3.829479662819894998e-04
2.188170577126155320e-04
1.091964045465174495e-04
3.505007077927123067e-04
1.993764124038860754e-04
6.302699145206622482e-04
2.395610335768956370e-04
3.333277719898099299e-04
3.498105695990602333e-04
1.672399844730440089e-04
9.368178386780908959e-04
3.111721878413332217e-04
1.647050073032203712e-03
