2.724666854309476939e-04
1.431269507830623189e-04
4.590809814145181775e-04
1.006306282495760370e-04
4.481152112152228984e-04
5.709925895350907591e-04
8.061826574021787152e-04
5.056236024695353812e-04
6.131474239969986195e-04
2.502243073206961350e-04
2.934676291326556948e-04
1.829768138729429483e-04
2.788243912527298119e-04
1.927071111816378132e-04
2.305485396109940063e-04
5.601189283529287846e-04
1.422315492847298080e-03
4.446282904324534713e-03
5.788711848882380218e-02
9.758935803739474113e-02
