3.200972292175989990e+11
6.028872712060860395e+08
1.048822796565208203e+13
2.163198564803493881e+10
3.985512016819923340e+12
1.463652353734847656e+12
4.842153200368625977e+12
1.485341013025480652e+11
7.190329075572648438e+13
3.686063762363212500e+13
1.037670070573517656e+14
3.118076135698537500e+13
1.559635859785034750e+15
5.601910475769494375e+14
9.674941134606987500e+14
4.679577138001943750e+14
4.503156261243514500e+15
2.690629125860856250e+14
6.262759595679037000e+15
1.647102915398650000e+16
