1.268664330553986863e-02
7.479582036190037808e-01
7.604282034253877498e-01
7.574424345523859126e-01
7.661318217484612836e-01
7.578819004422373551e-01
7.588321814743607119e-01
7.631417916800399270e-01
7.577298027259458113e-01
7.568093451245115899e-01
7.606206707805944767e-01
7.591379110465659164e-01
7.568061633358061924e-01
7.658117576510273805e-01
7.642330893939208725e-01
7.623180819176272882e-01
7.651857405981221660e-01
7.611669510014078543e-01
7.590113023309691398e-01
7.638520278278152498e-01
