2.175428542143447714e+02
1.900360924915345606e+02
1.899126738372414991e+02
1.898232977239603656e+02
1.895875530611639874e+02
1.895935952269088887e+02
1.899912087830581413e+02
1.900699445967597683e+02
1.900390747791037711e+02
1.899959422635134558e+02
1.899188219945718572e+02
1.899386973287564615e+02
1.899559260482633078e+02
1.900664127168822404e+02
1.901682972980617023e+02
1.899944724042572659e+02
1.899237153765825781e+02
1.900206527270735535e+02
1.899327925548056157e+02
1.899585271648343792e+02
