1.222198589138498090e-02
7.268062424937722366e-01
7.573244259433341563e-01
7.646418990484175060e-01
7.606673981646348004e-01
7.649147557760843652e-01
7.600720944236430965e-01
7.583508273043014780e-01
7.619768448821419016e-01
7.658837235102599061e-01
7.636804103964385249e-01
7.649517811038677451e-01
7.587258567857140257e-01
7.633068153879623008e-01
7.641411899862468049e-01
7.633994253348913572e-01
7.596077039096363892e-01
7.642639253019178902e-01
7.619360009311493265e-01
7.631231486945043718e-01
