9.260533875794388012e-03
6.621189617058642618e-01
7.291537710378367398e-01
7.302148689010803384e-01
7.316340217487677933e-01
7.304569246695179485e-01
7.308881864061675948e-01
7.300518264532775969e-01
7.320596410636905915e-01
7.336716345033968967e-01
7.332826987112525119e-01
7.345108006884303320e-01
7.335883955172856075e-01
7.324406753374411716e-01
7.229657844126041732e-01
7.327179116045723362e-01
7.240653567276389424e-01
7.339845084973068978e-01
7.312498685526491737e-01
7.260985924992569007e-01
