1.293335093521090495e-02
7.363563658080832797e-01
7.596902202072899346e-01
7.672821211370000061e-01
7.647579670414418329e-01
7.633237800029892828e-01
7.649740030309012395e-01
7.576413460682394074e-01
7.611904582538941977e-01
7.595165409459114780e-01
7.553544316760854027e-01
7.615865758807185415e-01
7.649278528492643447e-01
7.618388427227195114e-01
7.603559305376338395e-01
7.556120642948963573e-01
7.598398435423791009e-01
7.674798278114869365e-01
7.615130108806270615e-01
7.638317408828104726e-01
