8.573365392431643930e-03
6.810410454007345127e-01
7.262077165756983810e-01
7.255118292102091804e-01
7.302591220876160083e-01
7.271022460572155177e-01
7.290928435831991461e-01
7.280804622519149172e-01
7.319870990193574345e-01
7.301090401903811422e-01
7.309397034035173268e-01
7.270969583676648584e-01
7.317435458535151982e-01
7.304211844754932015e-01
7.289766725855338914e-01
7.301259850636674376e-01
7.328253647440480245e-01
7.290804419099682354e-01
7.289229260454335169e-01
7.278192665461478139e-01
