9.157979956519041176e-03
6.946950064433671246e-01
7.322653368805117635e-01
7.405512837452699060e-01
7.290625627526248209e-01
7.330798254672460379e-01
7.271595648464322936e-01
7.316174120656535607e-01
7.308721450836844769e-01
7.255763918503647103e-01
7.285481651242153855e-01
7.272232302553406358e-01
7.268426261529244981e-01
7.297773996217656878e-01
7.268920233506493966e-01
7.265783022102960675e-01
7.279563906429897813e-01
7.289344772174282117e-01
7.280956293175826488e-01
7.263185112810016664e-01
