1.230323695853186884e-02
7.366683957587268905e-01
7.643297731955908114e-01
7.650413259107355923e-01
7.545004777963996156e-01
7.609846032656837345e-01
7.627860618130264392e-01
7.617314364546979855e-01
7.632702753827006470e-01
7.631003466432340065e-01
7.619632786159448168e-01
7.610522399239398883e-01
7.650361984755796874e-01
7.627237021004704687e-01
7.631353929855521079e-01
7.618015597251789339e-01
7.605834125521697686e-01
7.588531566077992840e-01
7.673633195826675690e-01
7.660802236676101939e-01
