8.539885002715519313e-03
6.702563455015172478e-01
7.315847233730841115e-01
7.292476739049164047e-01
7.326878857383096744e-01
7.288058302936625266e-01
7.261396352493947326e-01
7.239775821739826700e-01
7.320940784336013030e-01
7.316448934888469813e-01
7.328880058485200966e-01
7.252547786339602620e-01
7.310134691874409230e-01
7.261713795884064959e-01
7.285466227411704354e-01
7.334945151759579840e-01
7.290389716276832743e-01
7.285965470535454847e-01
7.365503583198966808e-01
7.298463798957468551e-01
