1.346187500057564532e-02
7.438341808244279818e-01
7.633931345298090587e-01
7.587762000380622318e-01
7.596441513847455029e-01
7.613000291593405855e-01
7.610940163728011632e-01
7.595805556953867388e-01
7.623672844065643162e-01
7.576947349165076284e-01
7.586115750550461723e-01
7.647441969653230309e-01
7.688297809788304793e-01
7.651279036698025449e-01
7.626111972133365891e-01
7.617438960373354995e-01
7.602084336354927308e-01
7.604506252248207643e-01
7.632399620158171194e-01
7.626057703220538997e-01
