8.966001272615166037e-03
6.947562643733667942e-01
7.254002595271000775e-01
7.249016472757789931e-01
7.327407118095111693e-01
7.245548366152804176e-01
7.354556812835773005e-01
7.284276032500427434e-01
7.321099714037790918e-01
7.348618738269447892e-01
7.283310153224635819e-01
7.294717807325850067e-01
7.287113290315845315e-01
7.328775867919971043e-01
7.318402097483547308e-01
7.315444941789049915e-01
7.270977647077488948e-01
7.281066388910680809e-01
7.246005352418023460e-01
7.343849348878015437e-01
