1.357364252465085609e-02
7.189740072689603245e-01
7.609625060062595869e-01
7.598064678157159246e-01
7.603221734645615459e-01
7.652615416176153929e-01
7.600951132750038974e-01
7.596174456621772597e-01
7.653614871848067880e-01
7.596111922804397176e-01
7.601967477674994589e-01
7.635048017883873106e-01
7.592010414653233008e-01
7.522732133573023505e-01
7.607484148132798163e-01
7.609375188490258290e-01
7.587156774911850698e-01
7.615710596920329811e-01
7.609502276959936307e-01
7.581104112793912719e-01
