1.376366964592435314e-02
7.175858181535186286e-01
7.635227699329470985e-01
7.543180909204015849e-01
7.624115836742580976e-01
7.590863502231045556e-01
7.621658717475029432e-01
7.595775466451678559e-01
7.644021629098218806e-01
7.609263657097155020e-01
7.527022085998368306e-01
7.613614283595144805e-01
7.621754577230407390e-01
7.608539997781630371e-01
7.586545673192824912e-01
7.567016108698311205e-01
7.571513371945675086e-01
7.580842706676128584e-01
7.657327598220535769e-01
7.621288314780593209e-01
