1.970264213408722398e+01
1.776347702604191559e-01
6.008922259958825868e-02
3.536507648493764783e-02
2.236321899748121289e-02
1.610844720476883526e-02
1.405122522095986724e-02
1.127408670479626215e-02
9.377386357385240900e-03
7.937819884720601071e-03
7.530451311155400562e-03
6.884444545862086415e-03
6.325460465449580551e-03
5.626820492233186762e-03
4.776833675946090194e-03
4.634432190167706196e-03
4.148261346258388590e-03
4.096606198157271006e-03
3.912014874941120539e-03
3.759686412102727741e-03
