1.059593088299406311e-04
1.385445981429746514e-04
6.588649670183115625e-04
8.874560462286000583e-04
1.559328248210904971e-03
5.313915270466471052e-03
2.239436091071688451e-01
3.237073214483988104e-01
3.356799751067250370e-01
3.399940810839260363e-01
3.343574201566248960e-01
3.286966013435116407e-01
3.385341390406335638e-01
3.338873919916776623e-01
3.344500507779726295e-01
3.323445764418564985e-01
3.324882437691588088e-01
3.400369987955265683e-01
3.394008358308672202e-01
3.377658545768372211e-01
