1.206310167736143892e-04
1.512893671533824930e-04
2.179320198923457186e-04
1.816441659235482628e-03
6.957783430486621547e-04
2.180464968460679373e-02
2.199050696872523192e-01
3.559881989927417001e-01
3.722175938417718877e-01
3.771768160521918323e-01
3.798880628318670460e-01
3.716276984615408674e-01
3.743901441605623215e-01
3.808772917591851659e-01
3.785823568584955612e-01
3.763151476262858175e-01
3.766270752073960226e-01
3.806067827849814456e-01
3.818666680574873684e-01
3.801828366031598239e-01
