2.361058627054401673e+06
7.830562050852337852e+06
1.410652055616226792e+08
1.266654552450339794e+08
4.143157264850003719e+08
4.460142823469147086e+08
5.239552543253687620e+08
5.372207009353197813e+08
5.419290672249565125e+08
5.423059902848372459e+08
5.422433300737843513e+08
5.435956693130242825e+08
5.461921750700451136e+08
5.443736049655604362e+08
5.453583935414801836e+08
5.447423139218099117e+08
5.450716745015619993e+08
5.451880235884400606e+08
5.448307138373330832e+08
5.454187368240251541e+08
