2.629988020151158507e-04
7.152507222865202643e-04
2.704333128442479479e-03
3.008606082801617600e-03
1.843267496214618176e-02
7.507716818842020967e-02
2.899088289332308332e-01
3.624457344642589285e-01
3.710314824517059185e-01
3.751902237347033431e-01
3.712834610229634458e-01
3.816629290571046385e-01
3.715695303245860059e-01
3.817601042889570140e-01
3.727136263177698305e-01
3.772935944993324187e-01
3.721801682250271970e-01
3.761562866155274132e-01
3.751605087616066148e-01
3.758115224760096851e-01
