7.833041012660481036e+06
8.255151616884900723e+05
3.434213741509641707e+07
2.183745211817429066e+08
3.500166094873588085e+08
4.649942957113215327e+08
5.207028315215281248e+08
5.343198113759452105e+08
5.420053762241173983e+08
5.418025289382209778e+08
5.432504471351548433e+08
5.439181794462982416e+08
5.422328645346140862e+08
5.431724906269476414e+08
5.437958057327487469e+08
5.450843361970909834e+08
5.449814481094255447e+08
5.448136570504834652e+08
5.442989882290831804e+08
5.440512768705571890e+08
