2.884607909500588527e-04
4.047384501651693826e-04
1.362079173385896441e-04
4.238351694015634252e-04
1.337172944921977006e-03
3.570208722225754090e-04
5.419573467260730120e-04
2.741808943066531643e-03
9.268534898267483113e-02
3.052206204362770126e-01
3.346979408181256499e-01
3.299601237543771659e-01
3.293473885529931144e-01
3.357646699672831025e-01
3.374612599805973390e-01
3.344036929626582055e-01
3.375493692179797889e-01
3.313035450554354111e-01
3.311387480421697505e-01
3.303734677905784123e-01
