1.366403281956299538e-04
6.072491294773304680e-04
3.040046164848637261e-04
2.832521624281056382e-04
5.338669908964051043e-04
7.501492223687800500e-04
3.356875283479342914e-03
9.474829464010052493e-02
3.074684557756607872e-01
3.296721282054512758e-01
3.362933795558579742e-01
3.348703320861144972e-01
3.347828497973553974e-01
3.337661146431651349e-01
3.383778377440056495e-01
3.441004155877635529e-01
3.282256774392183218e-01
3.360301519125238889e-01
3.337589351590543596e-01
3.361802309691782620e-01
