1.122975852774642285e-04
1.000625151636234353e-04
1.172705146403554577e-04
5.140578070928515913e-04
7.668646456498721302e-04
1.306648222723850745e-03
8.087639530399869841e-04
1.111306780158678303e-04
2.924798649729013584e-04
1.027339053016200124e-04
4.031113323922821522e-04
1.308976435043828976e-03
1.673000444401325859e-03
8.633874373036540826e-04
1.120016855088228243e-03
1.211719306241097386e-04
6.993417790618776430e-04
1.268144371611548086e-03
6.953394255465548783e-03
6.854315300524009037e-03
