1.054890244390745087e-04
1.000148832821103442e-04
1.062332962805131282e-04
4.439622129721467565e-04
4.473809238762129349e-04
6.066325133206061431e-04
3.705723684691670725e-04
1.037352592679154680e-04
2.194364654146091324e-04
1.008552315736208706e-04
1.789148252642164087e-04
8.179832324877600461e-04
8.613402378212767132e-04
3.524314846357929232e-04
4.109436535131490717e-04
1.076077662400309941e-04
4.040687205081561163e-04
6.848591723330425948e-04
2.069554153403522449e-03
1.847146107859498490e-03
