1.365178972501254154e-04
4.303144589682603703e-04
1.475765189819112011e-03
1.020479807445401690e-03
7.361840585795845129e-04
1.713578341436756199e-04
4.961305365998735931e-04
4.594082223861457566e-04
3.415048231161657913e-03
5.028842712709287802e-04
3.003889420614547895e-04
3.608999815366339438e-03
2.580003311436628206e-04
1.796977964154595304e-03
9.741488426828800572e-04
4.716655430926160360e-03
4.493178084871480953e-03
5.336632539743763060e-02
1.322261966914866360e-01
2.466889964967063087e-01
