6.117489146029174805e+10
8.569677409608967304e+08
2.430419210225429688e+11
8.388329264054175615e+08
4.490769906347483398e+12
2.452961551144333267e+10
1.112900218172470469e+14
1.891840312808438477e+12
5.194592461577686719e+13
6.521089654115054688e+13
4.759120413436116250e+14
5.057118838287326562e+13
6.613543712565272500e+14
4.738787745177432500e+14
2.323938475916691500e+15
4.142021292020285000e+14
3.975755933133050500e+15
8.055693823813698750e+14
5.659999160026027000e+15
8.695999824312317000e+15
