1.020850465367439367e-04
1.000077551804888417e-04
3.533547298486984642e-04
1.093563159476635137e-04
4.196080249590086807e-04
2.920078121609611483e-04
2.411141283671930781e-04
1.780256348588442914e-04
1.419338214549978393e-04
2.310039041061832542e-04
3.332190498401301740e-04
2.541662081444293238e-04
2.330255358001249023e-04
1.820882737286818470e-04
4.090227105752907615e-04
9.895538894417314248e-04
1.315646280023509169e-04
7.747575877628304266e-04
9.942160956052038985e-04
1.113276942567205993e-03
