1.642019331920974712e-01
9.153389316909135154e-01
9.124263857520172882e-01
9.149703332305646475e-01
9.121046174869098522e-01
9.171779527123617992e-01
9.145197643980811364e-01
9.141418433538401889e-01
9.149023820303723298e-01
9.159478224415324998e-01
9.163832129097987389e-01
9.139387053854760579e-01
9.167797227743497146e-01
9.126696292474271166e-01
9.156504897355102202e-01
9.144780294398566767e-01
9.160523536326393712e-01
9.124253910866236827e-01
9.140825860226652333e-01
9.148550222949126676e-01
