1.662926196299370218e-01
9.116684425736455433e-01
9.145110205631248323e-01
9.158573396918052723e-01
9.141984022020499534e-01
9.146276351452643505e-01
9.143860855322728520e-01
9.159384138010114862e-01
9.129040380589650283e-01
9.149522345448307670e-01
9.136632419672791050e-01
9.148973974288369115e-01
9.108339925107102886e-01
9.123834922552033211e-01
9.159130589660312571e-01
9.141518466308562463e-01
9.162537813719314750e-01
9.126697683593824051e-01
9.101256787750177102e-01
9.139728680174803443e-01
