1.393270277837613769e+01
1.401145284442856465e+01
1.399068482257381874e+01
1.401874401015790106e+01
1.404197393862685672e+01
1.403222776592448007e+01
1.402889887734757579e+01
1.404460181169631561e+01
1.404094137256035069e+01
1.404015650147948158e+01
1.403980027423532739e+01
1.403714123371009492e+01
1.403961109797658224e+01
1.404060217937606225e+01
1.404612294202529199e+01
1.404785456327146420e+01
1.404989028240150084e+01
1.405034831254698524e+01
1.405352573601949828e+01
1.405324616765481238e+01
