1.421616446725836314e-01
9.060365477317320337e-01
9.045617129056163774e-01
9.055596357361764825e-01
9.067243958231527845e-01
9.066649478869959200e-01
9.044238067725693941e-01
9.027397957602724121e-01
9.046538897232769827e-01
9.075298687347297388e-01
9.062620450498620750e-01
9.048956325183797889e-01
9.044773483228238931e-01
9.069130235099667203e-01
9.070617222305106253e-01
9.050724728859530499e-01
9.084111754028985075e-01
9.058470824578762626e-01
9.077717432329024394e-01
9.053710751511662158e-01
