1.356836508753882420e+01
1.401340498027294146e+01
1.405909627449858412e+01
1.404565129921114064e+01
1.403455377874229804e+01
1.405323381716544162e+01
1.403472496347050580e+01
1.404191839782084017e+01
1.403782528121271689e+01
1.403434132279841506e+01
1.403637396135117221e+01
1.404032682474097449e+01
1.404195461475513262e+01
1.404481412623376180e+01
1.404256525355587115e+01
1.404576472229795847e+01
1.404978093719122967e+01
1.405549258687015701e+01
1.405724871619746885e+01
1.406028294187908934e+01
