1.642488437134535795e-01
9.166503237948262495e-01
9.137194787713696087e-01
9.162449825456603358e-01
9.125961297503162317e-01
9.137371455445815194e-01
9.166958299073946215e-01
9.181148865531455483e-01
9.147580427727338703e-01
9.127576822750125274e-01
9.158669698550193639e-01
9.165300591729308444e-01
9.139228208824499156e-01
9.120786724771781095e-01
9.138573794912294712e-01
9.171158368104554981e-01
9.167613421760308912e-01
9.146174813244010160e-01
9.132676561919359504e-01
9.133526895084355113e-01
