1.411691608837108447e+01
1.405045340008289223e+01
1.405272265404468257e+01
1.404505017293467262e+01
1.403696004379960449e+01
1.404336426042953079e+01
1.403269967473593027e+01
1.403372547033004025e+01
1.402881127939918926e+01
1.402698754621974508e+01
1.402968169524633524e+01
1.402460412939605305e+01
1.402972274709169298e+01
1.402878062995474551e+01
1.403178626516191940e+01
1.403196776635361864e+01
1.402901503996139532e+01
1.403036926751981639e+01
1.402767645614622616e+01
1.402942160515171999e+01
