1.620771686739997663e-01
9.144109536680417039e-01
9.176982229895982446e-01
9.155292888143152785e-01
9.133181686816171929e-01
9.192256158667052590e-01
9.150722503065661373e-01
9.160445464786463043e-01
9.141351728848795544e-01
9.162462486114421045e-01
9.140350404119581551e-01
9.120611958415185683e-01
9.123872381543255417e-01
9.186835340631169800e-01
9.144620553688128650e-01
9.153255415990974031e-01
9.141861369902228862e-01
9.150927057316128321e-01
9.162609367722945874e-01
9.167233644014491922e-01
