1.415105629050447611e+01
1.406352398876369669e+01
1.409196148565260565e+01
1.408009785285761772e+01
1.409043871574785634e+01
1.407550464759485997e+01
1.406085636877662104e+01
1.406445744536391551e+01
1.406131382735711455e+01
1.405600130245962198e+01
1.404796642263708861e+01
1.404913086377271547e+01
1.404438360025913290e+01
1.404298812010178565e+01
1.404682669583617383e+01
1.403997633243881893e+01
1.403806783219763865e+01
1.403237184180133568e+01
1.403343967319842811e+01
1.403484198311645770e+01
