6.852434311184163462e-02
6.846386856992758840e-01
6.799809488406899360e-01
6.872180278091408745e-01
6.890761233845387190e-01
6.845800290788489617e-01
6.910040077351647936e-01
6.822415159182704247e-01
6.878112437254443323e-01
6.915187999459733170e-01
6.862097909934757878e-01
6.870827199965682253e-01
6.906683553307424450e-01
6.847047998142717917e-01
6.848936437713047942e-01
6.872863562560782569e-01
6.870570239354477637e-01
6.877324079443853933e-01
6.848503990250452977e-01
6.914670407065647284e-01
