7.573778963804868314e-02
6.961815932921884276e-01
7.049057425966949175e-01
7.020304689219929450e-01
6.969436850434576058e-01
6.965778204918796623e-01
7.070236200290938022e-01
6.966321173769015607e-01
7.020381418650677441e-01
7.011368201000273137e-01
7.060066199775881790e-01
7.064675636053707741e-01
6.990139686854512924e-01
6.998537317547394165e-01
7.005024674735880197e-01
6.981914090523307914e-01
7.050115107773834433e-01
7.000888378124877631e-01
7.073522577407224121e-01
6.988811762774383984e-01
