7.911630311387631009e-02
7.022506006900717246e-01
7.042626295140206327e-01
7.017063475642402182e-01
7.039180527759064665e-01
7.012824659300157526e-01
7.078831306445249050e-01
7.014190619562047369e-01
7.040732852729316704e-01
6.946608303579618893e-01
7.049543836125971019e-01
7.074453237633181457e-01
7.057272330786451553e-01
7.000588660916201578e-01
7.029017237166734766e-01
7.007066818514030571e-01
7.032115200069659622e-01
6.971158667022221422e-01
6.991878876592393377e-01
6.984295012134267289e-01
