7.962885975801882454e-02
6.951570462684555363e-01
6.989378285713014893e-01
7.010507423532390536e-01
7.022302580954212781e-01
6.994134208320639257e-01
7.017707845369284270e-01
7.013291736856316350e-01
6.991514490477607202e-01
7.054102573968547008e-01
7.059905148409948428e-01
7.043348898591689222e-01
7.032068085266466317e-01
7.039094299362183005e-01
7.087032098912977585e-01
7.036901483270281421e-01
6.978790353611427077e-01
7.084239774428859882e-01
6.981057334665513592e-01
6.993162413856105486e-01
