7.728925380578031967e-02
6.928180593072785776e-01
7.045529481436123564e-01
6.984524651472450163e-01
6.997454332180909065e-01
6.971568462133668209e-01
7.023416932656142420e-01
7.001743885599079897e-01
6.991703887853593091e-01
7.053138515328719604e-01
7.039608023809521553e-01
6.969726272833962621e-01
6.986121522547495966e-01
7.053454095393405510e-01
7.044407583646321580e-01
6.958892220605759071e-01
7.007867219687651250e-01
6.890293465601812217e-01
7.033491828850749750e-01
7.010048952282250667e-01
