8.676203574055372883e+03
3.397905421527880389e+04
3.482029505429862184e+04
3.407793837077207718e+04
3.658552653974376153e+04
3.624981713360969297e+04
3.614150965089243982e+04
3.647966032902601000e+04
3.706779477426465019e+04
3.668091133453724615e+04
3.628101696685920615e+04
3.619515828288939520e+04
3.699737581996187510e+04
3.713923947946852422e+04
3.726320320940262172e+04
3.754753373461332376e+04
3.738868927075975807e+04
3.725652511467687873e+04
3.732964042052999139e+04
3.734138530012224510e+04
