6.481433104206884427e-03
3.309003207693680861e-03
8.621544361122822700e-03
8.360109210478486319e-02
6.752524063577070024e-02
2.005432215284390710e-02
8.307382794238164780e-02
1.414967060334310911e-01
1.324763783985903262e-02
5.653891259027656740e-02
9.475929657389146887e-02
9.657868349256357177e-02
1.046940584679006692e-01
5.975629270584354585e-02
5.008582449487684191e-02
9.471612658796586814e-02
6.944046173158005542e-02
3.672273649684647256e-02
1.030563384234392359e-02
2.497525507336363984e-02
