5.315266193574460885e+03
2.766167642238867847e+04
2.967056320927328488e+04
3.507669368443141138e+04
4.013808310399116453e+04
3.793044677770372073e+04
3.695810020185466419e+04
3.675491629682295024e+04
3.687422270755200589e+04
3.671991931407140510e+04
3.677188329496387450e+04
3.704637063318840228e+04
3.699065478340074333e+04
3.705212234452500707e+04
3.697831514512084686e+04
3.707654102145032812e+04
3.743054120734319440e+04
3.767276054662575189e+04
3.764321828834118787e+04
3.773109463287955441e+04
