1.065047210190933583e+04
2.498434786240696849e+04
3.184242177482302577e+04
3.630088058142177761e+04
3.669963373483239411e+04
3.636416626341224037e+04
3.676336603830974491e+04
3.659183578218329785e+04
3.709793710419092531e+04
3.729804697744516307e+04
3.704923480879315321e+04
3.702194174695179390e+04
3.691370830882725568e+04
3.705967602524466201e+04
3.706670582217603805e+04
3.701667619034966629e+04
3.684863413773057255e+04
3.683847715452173725e+04
3.684958400309216813e+04
3.677437683970055514e+04
