2.042251123539151740e+04
2.748033409650767499e+04
3.762651012153588090e+04
3.687598799446256453e+04
3.699686973678237700e+04
3.847680893477635982e+04
3.809787233586703223e+04
3.788551016288372193e+04
3.784268414557115466e+04
3.804668118808352301e+04
3.779286919615080842e+04
3.812221117702974152e+04
3.824405502494834218e+04
3.826720007300726866e+04
3.821609295523763285e+04
3.830207153756202024e+04
3.837108250797107030e+04
3.844811214840335742e+04
3.847447206648656720e+04
3.833535310804287292e+04
