7.729568935177949243e+03
2.672917873084866369e+04
5.042947575356213929e+04
3.847329879517498921e+04
3.822497711682603403e+04
3.813024066516500898e+04
3.786253721947223676e+04
3.768756575361161958e+04
3.747885239315923536e+04
3.748951284059407772e+04
3.725943225193335093e+04
3.792024588226075866e+04
3.784694284501394577e+04
3.768751889430628216e+04
3.780228362439980992e+04
3.795345211144152563e+04
3.796485117169976729e+04
3.784801274411014310e+04
3.778989737469890679e+04
3.773415111780701409e+04
