4.206101070857155497e-03
5.357602176372533269e-03
8.547259226058839809e-02
4.318983476157133017e-02
6.329738925099050173e-02
8.159945495340668875e-02
6.709714418893754362e-02
9.042218080230944588e-03
9.896767298393874257e-02
6.938489083317410377e-02
2.940857393427464411e-02
1.622687741534478978e-01
1.307251078624715734e-01
3.388447913615103002e-02
1.013589828611496761e-02
1.060978804081611770e-01
6.437619862005113103e-02
8.160210970225295624e-02
1.059679725571445463e-02
5.322431893574512685e-02
