4.592086976396831874e-03
4.339052097628224441e-02
1.817822025624863114e-01
3.671164513581458011e-01
4.180848327132251074e-01
2.045216607171011225e-01
5.460586953921007375e-02
3.978519017928541235e-01
1.774105414525625479e-01
3.590422633737710423e-01
3.580696281533838343e-01
2.393929040089132765e-01
3.328498401659359951e-01
4.604842764145387624e-01
3.798061641884963313e-01
3.304853563331663358e-01
3.186417026128033902e-01
3.818784796910688062e-01
2.881482695231422642e-01
3.452613085953454841e-01
