5.314939413750000485e-04
1.233288416103056119e-04
6.925728583686843135e-04
1.558057219707026288e-03
1.700907325045271064e-04
1.352371479630646992e-04
3.414579266369897762e-04
1.799443139139454695e-03
1.001707709524785918e-02
6.260671452871387731e-03
4.366037462994780405e-02
1.414009795949896231e-01
8.531057279559906004e-02
7.166032657523969431e-03
7.280934946652049822e-02
1.457354957726269273e-01
1.223004933835907942e-01
1.886208091769926987e-01
1.234045599762241402e-01
4.355138396192197170e-02
