4.407398523755511922e-03
1.114028045615166138e-04
1.691901256412202989e-04
3.026187511885783496e-04
7.792542220171555858e-04
1.382418272639568055e-02
5.876969208585494653e-02
3.850996826716813759e-01
3.408846014497809440e-01
2.127533132372557700e-01
4.582622874022863613e-01
4.858702642720787446e-01
4.892698039635763330e-01
5.472351748131027982e-01
2.168547714015381656e-01
3.252717711298265812e-01
5.911995943012512411e-01
5.320308772841898515e-01
2.763733519026541074e-01
3.616053491129031516e-01
