1.487043664325259041e-03
5.905475575642102652e-04
2.400222686418095356e-04
9.465484341764661197e-04
7.346154995730162958e-03
3.550654016036657729e-02
3.345303327081327466e-02
2.617664682147129857e-02
5.534346713509164656e-02
1.819170434025084160e-01
3.648441639545676324e-02
9.563154893156260161e-02
1.542613577118075174e-01
1.636207405029802553e-01
1.852152858732074581e-01
5.207349919492966495e-02
4.930948219582315106e-02
5.513251501412631123e-02
1.897887166695248762e-01
6.549049434768466904e-02
