1.938980418371838823e+04
1.317287291569985882e+03
1.663415781109856471e+04
3.780850538268133096e+04
8.043077130905301601e+04
7.701957101759687066e+04
9.925065426528717217e+04
9.329378190551792795e+04
9.636992044496629387e+04
9.722163492256648897e+04
9.829663513332165894e+04
9.926780896480771480e+04
9.956427528231860197e+04
1.000726632557313715e+05
1.007966472349659307e+05
1.008002338922672498e+05
1.007568298510709865e+05
1.014771679143175134e+05
1.019310608761621406e+05
1.019760490117424342e+05
