1.027325629278075768e-03
2.537434746419033223e-04
2.659272035283774234e-04
2.969343673426490292e-04
1.527197799630395638e-03
4.907581319080992800e-03
4.345956534326975151e-02
8.980656859260684188e-02
1.268571864633678548e-01
2.312621816085744936e-02
2.815085838723113340e-02
9.065177000777835262e-04
7.187425209816254712e-02
1.421451276938512365e-01
1.166785377181460970e-01
2.977890388817021686e-02
9.479724124874877589e-02
1.189559590403663630e-01
1.147176388730533070e-01
1.479300654538895365e-01
