1.720984599426964023e-02
8.483163400334395865e-01
8.819754049495055481e-01
8.812841792397007046e-01
8.833481349131782068e-01
8.794259248517500849e-01
8.804412092998060713e-01
8.804553421328361607e-01
8.801617623044234451e-01
8.841975649303925877e-01
8.801344055981852321e-01
8.806357775058702986e-01
8.788507295006502407e-01
8.802972119739835843e-01
8.802733064786744110e-01
8.797309091737214315e-01
8.823515872584836162e-01
8.823407278782228191e-01
8.804199088625506153e-01
8.820751082332602966e-01
