1.882456425511252291e+02
1.881862610398733011e+02
1.890427240597835521e+02
1.897047697072536607e+02
1.895362974592989644e+02
1.898089879403657676e+02
1.896827379622996261e+02
1.897762128943877542e+02
1.897132338486129299e+02
1.894541083652638349e+02
1.894478442736451598e+02
1.894564742847436492e+02
1.893449944333546853e+02
1.893786131080826465e+02
1.893588744329237841e+02
1.894280890475440629e+02
1.894560277434438547e+02
1.895466503060137597e+02
1.896012521663200232e+02
1.895628313490298069e+02
