1.920079823804779831e-02
8.592263265853747889e-01
8.770371616139526205e-01
8.809442318727248589e-01
8.792879615445338137e-01
8.828299413937973350e-01
8.814889510059534805e-01
8.822516800856532448e-01
8.793847746917947683e-01
8.826449898017779683e-01
8.835775289509895103e-01
8.846075792467463783e-01
8.792414756978460533e-01
8.794942196473941598e-01
8.813257417274228400e-01
8.835995382851197233e-01
8.832171277335254533e-01
8.807232713507660016e-01
8.794441975743666484e-01
8.809655516004659681e-01
