1.875562405019786869e-02
8.613910192915636976e-01
8.792564741149632157e-01
8.831658199881802229e-01
8.809067485467630965e-01
8.767086745080041599e-01
8.793694809496470643e-01
8.815628882690839108e-01
8.826507297903736227e-01
8.811526827535889339e-01
8.806358463854987439e-01
8.819565233076477329e-01
8.793989172008007671e-01
8.820747825217369886e-01
8.813128859898073930e-01
8.809494922831081487e-01
8.818403226333848544e-01
8.790809651091384680e-01
8.833439963297332609e-01
8.812701544342184112e-01
