7.947956148457228920e-02
9.862678755166262023e-01
9.997500800566584411e-01
9.998235203358035728e-01
9.998550102413216178e-01
9.998807776167912831e-01
9.999151304271092222e-01
9.999246205121130604e-01
9.999380109951693241e-01
9.999387405488403546e-01
9.999435019115230361e-01
9.999504489103995253e-01
9.999567422256582239e-01
9.999590790985743993e-01
9.999652455396023099e-01
9.999682468338823016e-01
9.999750791603708722e-01
9.999807550707170423e-01
9.999857606264519472e-01
9.999865020036119434e-01
