4.294285616166084590e-02
9.918419678149423824e-01
9.985381411007328012e-01
9.996308443973099811e-01
9.997164099569818552e-01
9.997876621154301313e-01
9.998402210405921142e-01
9.998592877974941118e-01
9.999033186528324402e-01
9.999146614243720199e-01
9.999227224185679441e-01
9.999236018357188227e-01
9.999156378393336819e-01
9.999388336736303451e-01
9.999349776958015301e-01
9.999529088475885841e-01
9.999575605399002587e-01
9.999588775787837669e-01
9.999607454433359077e-01
9.999531836256975170e-01
