1.008063571423113132e+02
9.911697877463409156e+01
9.900391847115064081e+01
9.891049315351835958e+01
9.880982857366281280e+01
9.876008536902543256e+01
9.878061751714676575e+01
9.875648543330869700e+01
9.874357107405811007e+01
9.874264691811495709e+01
9.872280404347893068e+01
9.870401978996329717e+01
9.869721790133928607e+01
9.870054962551068911e+01
9.869397341000541246e+01
9.870102981001583942e+01
9.870725587681393165e+01
9.870152798322476428e+01
9.870313580305264622e+01
9.869917658594552279e+01
