4.808027557242655625e-02
9.846441583089727834e-01
9.996143144285200011e-01
9.996513778780129478e-01
9.997646692322833539e-01
9.998235051987062194e-01
9.998932859937613715e-01
9.999419535022775474e-01
9.999128288427241440e-01
9.999316275630397710e-01
9.999474568413175835e-01
9.999524257869911725e-01
9.999499021119957476e-01
9.999519996416582623e-01
9.999485902640267154e-01
9.999502428204712912e-01
9.999639325791482847e-01
9.999722122214016462e-01
9.999734291774050599e-01
9.999723617380840146e-01
