4.235549400032145861e-02
9.875505376695824511e-01
9.994247554124833233e-01
9.998032184606289174e-01
9.998366249543136908e-01
9.998489931024625577e-01
9.998798184371375797e-01
9.999092643896545507e-01
9.999322343048456796e-01
9.999500981030167157e-01
9.999654445876069442e-01
9.999690306703953313e-01
9.999580089185052811e-01
9.999597681113164827e-01
9.999668756335313713e-01
9.999700725438163129e-01
9.999695000486107377e-01
9.999772653969029035e-01
9.999752106420881637e-01
9.999760952832852379e-01
