7.573057778621043734e-02
9.897566601417817633e-01
9.994834320683634310e-01
9.996535356757345614e-01
9.997594907396045727e-01
9.998249295692349659e-01
9.998855662129582100e-01
9.999189034041873203e-01
9.999284027180280754e-01
9.999291104656088391e-01
9.999487494627856687e-01
9.999344113843834370e-01
9.999461013244314023e-01
9.999475645339104268e-01
9.999560060552526997e-01
9.999569561983926436e-01
9.999592938806598497e-01
9.999646834443228771e-01
9.999725994230935777e-01
9.999687785663331496e-01
