4.592058572576108999e-02
9.924411889835592637e-01
9.991930016878194376e-01
9.997512725281721968e-01
9.997057605370097688e-01
9.997677359496749405e-01
9.998021806736190342e-01
9.998546597668112046e-01
9.998425628775582386e-01
9.998906577090158621e-01
9.998832911698776194e-01
9.998855050773429731e-01
9.999074968636504357e-01
9.999083653023447260e-01
9.999156962504294199e-01
9.999223485652100063e-01
9.999326049805650207e-01
9.999431229291795287e-01
9.999565843913635899e-01
9.999631985563234293e-01
