2.909178993772515778e-02
1.023728242065703037e-01
1.975898526391614562e-01
3.118200331365043043e-01
1.027873257098931232e-03
1.711491132694176742e-01
3.529124388714286464e-01
3.362949805044460616e-01
2.808608953876272074e-01
2.641923731481902737e-01
3.195600961197927470e-01
3.514297848381994216e-01
2.827865133374246262e-03
2.457785984617150699e-01
2.924555021015289302e-01
2.530431998377195568e-01
3.189538914554828075e-01
3.030768192552999452e-01
1.934282427652846414e-01
2.946840948677537098e-01
