9.272464128322893373e+01
1.000038695098356527e+02
9.823682358119955893e+01
9.824773123442632539e+01
9.805979385825574468e+01
9.767256321207501912e+01
9.735727476606783171e+01
9.741904674753941151e+01
9.742223531652255986e+01
9.759484190186370256e+01
9.772235511609990510e+01
9.757207024999701162e+01
9.744105373703833095e+01
9.764345091157102274e+01
9.756445690262735582e+01
9.755365344787755078e+01
9.744649394112539653e+01
9.754677848904006510e+01
9.767446722591152763e+01
9.771994302441615332e+01
