1.262817556171518807e-01
2.841539620066122485e-01
4.673499616507845733e-01
4.870666276654505022e-01
5.218797800187836566e-01
5.434082571712948173e-01
5.426810218584228185e-01
5.412529525472169478e-01
5.246264354138537866e-01
5.413067118741373696e-01
5.516677982233488819e-01
5.746037540326720539e-01
5.653634139478744824e-01
5.288811568194687895e-01
5.635940920891873152e-01
5.434572004767488362e-01
5.574950180370760178e-01
5.266539244756410776e-01
4.442228048497288140e-01
5.363574686557979199e-01
