9.653558631214911867e-02
6.773043749352696263e-01
7.667193763413112650e-01
7.603797695681369095e-01
7.107212330279610857e-01
6.736287057464361849e-01
6.892104599765330741e-01
6.904091770302764886e-01
6.652181012110803815e-01
6.810843846110116173e-01
6.928978859318728478e-01
6.817978144006819896e-01
6.806203464917275348e-01
6.834576831479027836e-01
6.830180294357744986e-01
6.878330628262361301e-01
6.983010879753223099e-01
6.943611006035950162e-01
6.946645642533167964e-01
6.942695158127833999e-01
