4.596656476664853080e-02
3.597298864078210534e-01
5.632133099513838559e-01
5.495520599181681343e-01
5.602638557109279605e-01
5.743488670598748680e-01
5.131416302805601459e-01
5.107075368146192229e-01
5.296549916162244243e-01
5.371352559334582333e-01
5.388737467736613995e-01
5.340022735010573340e-01
5.418112998790112211e-01
5.552220249053958501e-01
5.636232623109312945e-01
5.249337404504338389e-01
5.281479330158358465e-01
5.252829630030900754e-01
5.485150704411084766e-01
5.343908073719826346e-01
