9.184344323413572153e-02
4.211591054924815891e-01
6.505846096591613170e-01
6.711292511306473640e-01
6.611308165271044812e-01
6.549119869130811677e-01
6.562026367297533191e-01
6.482339733855343455e-01
6.217312831087382641e-01
6.216910028620118434e-01
6.290376213834796282e-01
6.375489850092839195e-01
6.433193062909247084e-01
6.453906179612778349e-01
6.475983224179117093e-01
6.402936048497059884e-01
6.385375309059375670e-01
6.377600807620078527e-01
6.313709664257727283e-01
6.355742493066993681e-01
