8.798134835862249370e-02
8.287768107388161498e-01
8.011981623045035805e-01
6.622142368846438698e-01
7.673039068949457642e-01
7.624347015859316290e-01
7.675195959360914255e-01
7.766516343031792946e-01
7.637675904734730903e-01
7.426229866616006481e-01
7.475668914274028465e-01
6.390378337530873143e-01
6.925487653422469636e-01
6.927691306355894252e-01
7.026252394703007553e-01
6.961823706088766661e-01
5.707044200573804238e-01
6.071368194706973087e-01
5.509918534627330500e-01
5.584413372984661228e-01
