9.739722249001239618e+01
9.738653449832463593e+01
9.779500813682562921e+01
9.797300958589633524e+01
9.821273691093331593e+01
9.824015655424784654e+01
9.842936784587156751e+01
9.826677440568565203e+01
9.823422968027587387e+01
9.834725281390831242e+01
9.839138177241781591e+01
9.841224771479093647e+01
9.845043712102254574e+01
9.842511273011817252e+01
9.835828534368306464e+01
9.841725713394717445e+01
9.844081629857166149e+01
9.837987171180310497e+01
9.836108296008733021e+01
9.830724475428009157e+01
