9.421681560327151150e-02
6.726335390012756488e-01
6.904198606497209401e-01
7.366084355113409199e-01
7.490979502938215351e-01
6.324471155797268818e-01
6.775714357212050398e-01
6.999816670675673702e-01
6.997608944638318285e-01
7.253314607808232228e-01
7.264123753300458786e-01
7.266159663437827820e-01
7.260365435611826346e-01
7.237291355277921667e-01
7.281641356258369280e-01
7.348028774164488963e-01
7.215402809874186252e-01
6.801165761963469114e-01
6.801592578937483147e-01
6.857829671003705663e-01
