1.755032871241517939e-02
8.897537958829856430e-01
5.904177533930364818e-01
9.234740876526692510e-01
9.198968659982804663e-01
9.467078247794421531e-01
8.683554778885181902e-01
9.336803673591043129e-01
9.333242564846278011e-01
9.029797769323415491e-01
8.442551283358776804e-01
9.269724598900429546e-01
9.322696748212367934e-01
9.523009024786819321e-01
9.240304897793149008e-01
9.375899820720445810e-01
9.280038015767162474e-01
9.153394093953608479e-01
9.267688752984150069e-01
9.200144591720252896e-01
