1.306887442594149320e+02
1.399487592323966112e+02
1.403223666803723404e+02
1.404471887876464393e+02
1.408001213761426982e+02
1.408342622761296923e+02
1.407652745628473383e+02
1.408006539061969704e+02
1.407871591183414353e+02
1.407807924558519517e+02
1.408456051457812066e+02
1.408195862267172060e+02
1.408423291970246964e+02
1.408987659425696108e+02
1.408991540008658205e+02
1.409555415892836265e+02
1.409506389689186960e+02
1.409670435303178522e+02
1.409399381082517664e+02
1.409564451656598010e+02
