2.805833312813714106e-02
9.365984117770317363e-01
9.548161793394893682e-01
9.589889655819039405e-01
9.742547057154825607e-01
9.596690823252231883e-01
9.658581174358736865e-01
9.661433367243197345e-01
9.721577282471975945e-01
9.707718168251878721e-01
9.737090888162663882e-01
9.634628541373432276e-01
9.751538691933684389e-01
9.659955793562016169e-01
9.383311337538031704e-01
9.720072418442847750e-01
9.753649914496828055e-01
9.443790636808899741e-01
9.693801931877255029e-01
9.702824027641354654e-01
