3.430114481054594155e-02
9.376108601468126080e-01
9.613920869198091523e-01
9.647391974100310019e-01
9.449593997804471845e-01
9.719072354233915245e-01
9.674001752430089196e-01
9.725303497693991162e-01
9.616975493046264756e-01
9.746293096992498795e-01
9.691073299072797687e-01
9.520458346236224667e-01
9.529508464815091839e-01
9.682663880285947711e-01
9.723568530687782818e-01
9.683704890704619705e-01
9.681217010558943459e-01
9.730891729378956523e-01
9.636853488457794992e-01
9.740574641345438600e-01
