1.415785607344435641e-02
8.685378369317117153e-01
7.385241228539096703e-01
8.965072153372745101e-01
9.213613176931185755e-01
8.878196889268754610e-01
8.651349193572070995e-01
9.377966921407205891e-01
9.314227310633805823e-01
9.104429213444984459e-01
9.314439835077106267e-01
9.238483530801916421e-01
9.355929766564968775e-01
9.280330846040643067e-01
8.926389347402891028e-01
9.159188504197309788e-01
5.060357545599853957e-01
9.343172709121189135e-01
8.938896052355929100e-01
9.258281153204618308e-01
