1.628709665368710882e-02
8.786123720666634274e-01
9.374042561779899474e-01
8.797841549465725830e-01
9.342005573183215228e-01
9.242028848410975828e-01
9.277983891651809811e-01
9.146296119999248742e-01
9.477060311920082469e-01
9.462381584110651778e-01
9.243090416064219106e-01
9.062475168472760023e-01
8.918739884406051699e-01
5.673596018006253905e-01
9.428088850511407992e-01
9.424514545481845751e-01
9.197669413200550981e-01
8.164063427245257243e-01
9.231146030079375731e-01
9.154591272437238025e-01
