3.111899232531942575e-02
9.563703499379715423e-01
9.610874507244151488e-01
9.646308353230823585e-01
9.730773796281279031e-01
9.616122922851777499e-01
9.736728362961936112e-01
9.736532853467912973e-01
9.728844821374686980e-01
9.675417164442975393e-01
9.649199735229720964e-01
9.712278775959923838e-01
9.660675532658712372e-01
9.618493886928530801e-01
9.698282819194407045e-01
9.554649868949657288e-01
9.679082778636525219e-01
9.444414145641646385e-01
9.615441646077923510e-01
9.638715098186101393e-01
