3.754669275786328558e-02
9.448846997919608803e-01
9.734042679417940214e-01
9.655618604680891170e-01
9.630206620476376989e-01
9.629942010921473949e-01
9.653619153151326016e-01
9.724479215616402827e-01
9.690862629443289800e-01
9.579615814623777537e-01
9.669480057258472705e-01
9.653760301370621910e-01
9.582800270196655257e-01
9.709310053339914592e-01
9.581639156612901109e-01
9.162436454448119605e-01
9.713737315961800123e-01
9.721534720197558821e-01
9.676060808529537427e-01
9.676461353553055256e-01
