1.458509133769400989e+02
1.402640325067009144e+02
1.410642098877290493e+02
1.411056455294233558e+02
1.411004613024042271e+02
1.410426198669618998e+02
1.411386879324630286e+02
1.411097228988230938e+02
1.410943978090057271e+02
1.410943641278980181e+02
1.410998274516599622e+02
1.410718953947565524e+02
1.410593767225067552e+02
1.410345436337748311e+02
1.410274876244656355e+02
1.410068883340015304e+02
1.410056386227173562e+02
1.409871518641556634e+02
1.409636330911124560e+02
1.409835404104400141e+02
