1.409626288772776181e-01
9.989027940015309248e-01
3.207320060978109955e-01
5.519189433402974521e-01
6.734200460500490149e-01
9.968621448605873292e-01
9.788123499204348654e-01
9.740432044135935996e-01
9.999395858001857151e-01
9.999675436766507497e-01
9.999463678709146208e-01
9.999128798147687291e-01
9.998448676920123068e-01
9.998261565295670783e-01
9.998033977086823176e-01
9.997805396522170263e-01
9.997690314242382303e-01
9.997856036222598775e-01
9.997870859000300703e-01
9.997569833220929514e-01
