1.349705278770704986e+01
1.399585099779014463e+01
1.401742490871278157e+01
1.400898862288310731e+01
1.402772266730074158e+01
1.403557196253914974e+01
1.403314182290361067e+01
1.403369880898735467e+01
1.404002270717252721e+01
1.404290993671841292e+01
1.404434025647005413e+01
1.404624247533753056e+01
1.404686315421169063e+01
1.404618813796209764e+01
1.404653031454871481e+01
1.404477511047238103e+01
1.404566742385106437e+01
1.404660766038751518e+01
1.404720803157446696e+01
1.404665500624732033e+01
