1.637702665417203607e-01
9.984402783131791637e-01
8.908929112686024832e-01
8.430683005567501942e-01
8.244214498624234944e-01
9.993402990218290816e-01
9.980839099353134847e-01
9.793752034745625279e-01
9.939472066927225180e-01
9.961865820575939168e-01
9.979114042902140769e-01
9.981005599029495468e-01
9.988817179671776181e-01
9.999461624242699243e-01
9.954001765470064100e-01
9.997443420423216542e-01
9.998440896529761091e-01
9.999601762656339377e-01
9.999292050795813847e-01
9.992653303620309124e-01
