1.446661531638908371e-01
9.043298130016276248e-01
9.991201376305176574e-01
6.645002542179866412e-01
7.683750411899803456e-02
9.952381765581854722e-01
9.826785052318064428e-01
9.888544692391346702e-01
9.936132638466964595e-01
9.993475898999534257e-01
9.999677243028595175e-01
9.968348153987441895e-01
9.999418305753597913e-01
9.999739658953633592e-01
9.995985316297156809e-01
9.994920221343682742e-01
9.994594507892391455e-01
9.995753030856855403e-01
9.995395272769712625e-01
9.994969142951534158e-01
