1.629122802831551031e-01
8.875192687130523117e-01
9.993233696453995840e-01
8.119471950110839220e-01
8.504920491803504845e-01
9.986712181941863609e-01
9.850062851007753695e-01
9.788626920782519392e-01
9.998520272013029508e-01
9.996033590582645845e-01
9.993732906640535596e-01
9.992442180639619087e-01
9.992864464578095074e-01
9.993163424823017227e-01
9.763234418365708267e-01
9.974740632712525423e-01
9.987888516031478980e-01
9.992141075093654567e-01
9.992006384581131329e-01
9.992441321580971536e-01
