1.000000000000000000e+00
3.700000000000000178e+00
1.899999999999999911e+00
7.300000000000000711e+00
9.099999999999999645e+00
2.276798727495502384e+00
1.514667976547316330e+00
2.459498043458529182e+00
2.311647926453061164e+00
2.098249953164615711e+00
1.996136713753586367e+00
1.788006686021769154e+00
2.023935732177374103e+00
1.987752542372378972e+00
1.919800099916907588e+00
1.908636257405456504e+00
1.911411903230204379e+00
1.918985044957599362e+00
1.912526704460991711e+00
1.912389479454325247e+00
