1.329532742028126613e+01
1.383085238418565766e+01
1.395445188973424777e+01
1.395944530656281835e+01
1.399872351593331743e+01
1.402169120512480127e+01
1.402751988201086952e+01
1.403834255339707937e+01
1.403113451117624244e+01
1.402984304168474772e+01
1.403012847444934508e+01
1.403263581321976439e+01
1.403343781757859077e+01
1.403453659033810297e+01
1.403727293434361023e+01
1.403695395743632446e+01
1.403873842808888561e+01
1.404139167676318856e+01
1.404289085555872063e+01
1.404344420616605404e+01
