1.000000000000000000e+00
7.300000000000000711e+00
3.700000000000000178e+00
1.899999999999999911e+00
9.099999999999999645e+00
2.277062496411329739e+00
1.561116078453967049e+00
2.464550779904045363e+00
2.283625366905728704e+00
1.860508397320969953e+00
1.420862097125636492e+00
2.395958453848083369e+00
2.248648169201052038e+00
2.226740415939865159e+00
2.210563920580834729e+00
2.201366666904671199e+00
2.195754411056319633e+00
2.189752951518472823e+00
2.548015338633534910e+00
1.877969977438797233e+00
