1.476425593600550756e-01
9.987808266113027411e-01
8.776055204795569775e-01
6.164807742126768852e-01
7.114780690009494535e-01
9.955605233557187628e-01
9.828692940306801296e-01
9.895556847244941778e-01
9.938956903743745297e-01
9.978477376468032345e-01
9.950889885862380657e-01
9.912648754816925090e-01
9.840603232855783533e-01
9.997178055358491022e-01
9.963918826696086528e-01
9.993244004888937049e-01
9.980296554996681557e-01
9.066258506842811427e-01
9.995934968354304173e-01
9.994301382578951731e-01
