1.000000000000000000e+00
9.099999999999999645e+00
7.300000000000000711e+00
1.899999999999999911e+00
3.700000000000000178e+00
2.215607346643600817e+00
1.569757968243376434e+00
2.437743456725643743e+00
2.245883360357166403e+00
2.157183545100516575e+00
1.580605700237213362e+00
2.450345378054818557e+00
2.218894573223857414e+00
2.190291945987807853e+00
2.199171737767128931e+00
2.181702208531745235e+00
2.359783322745098832e+00
1.735426028254718034e+00
2.058965233545307250e+00
1.979472521666228335e+00
