1.482400971540091261e-01
9.986711035647202195e-01
3.052181011394828891e-01
6.101978787203771182e-01
7.733030272843265385e-01
9.947955896864656422e-01
9.777171581955509394e-01
9.745138911160159401e-01
9.999636850312562109e-01
9.998256215006878778e-01
9.996760799390591590e-01
9.995755119039108072e-01
9.995215758794250283e-01
9.995222749439065524e-01
9.995386021228612750e-01
9.994773213605211426e-01
9.995351331122994676e-01
9.995333574017950529e-01
9.995461088281947237e-01
9.995110372243259933e-01
