1.000000000000000000e+00
9.099999999999999645e+00
7.300000000000000711e+00
5.500000000000000000e+00
1.899999999999999911e+00
2.065877348299408389e+00
2.365945996534188467e+00
1.460989556838117709e+00
2.496470189662836958e+00
1.916098787413264892e+00
1.876584566031387125e+00
1.874570719882823866e+00
1.878693934155559297e+00
1.874133828099234345e+00
1.881330558256352870e+00
1.881222384110796897e+00
1.874295117754054329e+00
1.247840440504767168e+00
2.301460078269052634e+00
2.129346044931653026e+00
