1.457197763574529237e-01
2.759363598877547785e-01
5.331735548976241912e-01
9.992566445555054466e-01
7.986329055980506686e-01
9.988213609869783793e-01
9.977592342755932098e-01
9.799395908095492880e-01
9.886315359953709025e-01
9.956643546807887324e-01
9.978402052380952458e-01
9.981860117670378063e-01
9.996089529665631579e-01
9.944728727827767401e-01
9.952669723758541531e-01
9.999320216192504329e-01
9.995689460403822668e-01
9.981881955455658151e-01
9.997828295034862922e-01
9.986103464485434067e-01
