2.266676598168938339e-04
5.342926030153324511e-04
1.897446218123736419e-03
4.903142091760997329e-03
9.916384419355593616e-02
6.439352859035689658e-01
8.670793819703016547e-01
8.722897282125304796e-01
8.772409720813997280e-01
8.743847114727847369e-01
8.740131360051009990e-01
8.733081657490903149e-01
8.769454457023622140e-01
8.795639592630867254e-01
8.771487345594606300e-01
8.774711023433982016e-01
8.783516027918629732e-01
8.816172144229462715e-01
8.816565155955381483e-01
8.783733608515278402e-01
