2.849401471778089680e-04
3.583000246511074713e-04
4.853753087635746463e-03
8.021798923335836731e-03
7.657844393064784302e-03
5.706192496761234439e-02
5.733814306736485511e-01
8.617906006368483141e-01
8.741698779821358567e-01
8.756975358145708821e-01
8.788093095462727877e-01
8.765440042580545654e-01
8.796024788370030434e-01
8.803917081535054256e-01
8.802039020302118155e-01
8.763307283845451767e-01
8.806029445877151529e-01
8.804948944216912654e-01
8.800484936228079036e-01
8.774629153210168342e-01
