4.392465630701616406e+08
1.148415139669750119e+06
9.080376814573177695e+07
3.413705439839848131e+07
1.474163198266128600e+08
1.004221369146346569e+09
4.160537217763632536e+08
5.131469224940009713e+08
5.417931239789776802e+08
5.437297438035087585e+08
5.465997920495535135e+08
5.467446302525912523e+08
5.453295233174097538e+08
5.452279427224148512e+08
5.448899278214936256e+08
5.448283119328389168e+08
5.447719200363084078e+08
5.444792120791796446e+08
5.444607693665181398e+08
5.448027324151395559e+08
