2.452269521614823902e-04
7.630315630206005797e-04
8.664386673154023458e-04
3.563371332628492965e-03
6.306169191541478869e-02
6.737336880193256494e-01
8.193656949121920219e-01
8.266775356508402339e-01
8.228423601065544268e-01
8.257972893375902235e-01
8.252286463579218134e-01
8.315275744237616840e-01
8.261787288242778970e-01
8.319100901983070839e-01
8.261734275910467273e-01
8.246754383114416331e-01
8.288888350870838861e-01
8.267133603578924461e-01
8.258578333259325444e-01
8.300605068370338069e-01
