2.800768847977131576e-04
1.101898494534437543e-04
3.924960627974485687e-03
1.505849247590670048e-03
6.325072583505380458e-03
8.424715111878772200e-02
5.437662238045525287e-01
8.625118919901106906e-01
8.713564281579937454e-01
8.730982358037844282e-01
8.773300238761115866e-01
8.782672614440844017e-01
8.742986476493391779e-01
8.743095248346067772e-01
8.790193692824656013e-01
8.787817132875113124e-01
8.789255802078227431e-01
8.802758225907494349e-01
8.786676390908731982e-01
8.798267937204687916e-01
