1.188591956758984258e-04
5.101997051265961354e-04
1.604561258666326864e-03
7.408004625790119528e-03
7.619793343192589330e-02
5.026482184202983872e-01
8.495131159134283738e-01
8.696980347861404947e-01
8.751274582843850958e-01
8.721190631959633288e-01
8.771822502255083309e-01
8.769121550527431141e-01
8.776909190824084828e-01
8.755408628387151282e-01
8.788869501308808063e-01
8.792698171857002976e-01
8.790843098520428889e-01
8.765181389717631166e-01
8.764010748502364390e-01
8.779466572412917280e-01
