1.023580884654491435e-04
1.105504802659229682e-04
9.868655978345556960e-04
3.702879365143243832e-04
9.025940650837652526e-04
9.801390342509241557e-03
4.207518169972409017e-01
8.071279566786312420e-01
8.204284547515615644e-01
8.239214575700125609e-01
8.246402621394897103e-01
8.279660486401588804e-01
8.283086626787561357e-01
8.253474907002350536e-01
8.279548324228069855e-01
8.273780903129666076e-01
8.268404270459163152e-01
8.289612228101068681e-01
8.287059452860909836e-01
8.273468592264813237e-01
