2.216364332778313351e-01
5.515614689049416208e-01
5.181419854115962842e-01
6.252647430389953742e-01
6.392891584833698682e-01
6.456554345670492134e-01
6.566448671015021610e-01
6.597281647546024974e-01
6.691441620464545492e-01
6.616947294602026908e-01
6.546305065817437097e-01
6.772159750138637690e-01
6.515786677383971215e-01
5.673392062900848298e-01
6.516135909213962574e-01
6.128875480125247632e-01
6.304224079538894854e-01
5.352208819256348837e-01
6.157116188331935858e-01
6.300125071876517824e-01
