2.760670784566509051e-01
7.435592773036752146e-01
6.280200317174828850e-01
7.152418437752022795e-01
6.797577719302336785e-01
6.651422945895960614e-01
6.752922842315441931e-01
6.810730674627049064e-01
6.787419631321027769e-01
6.878038423864959450e-01
6.892286826404026012e-01
6.972389488886712172e-01
6.952934283367614432e-01
6.999067493229557124e-01
7.010335273856241889e-01
7.025986013045364409e-01
7.058050671691833422e-01
7.054720409725649954e-01
6.550646081137861954e-01
6.921063098635159561e-01
