1.373545430428580794e+01
1.400665368655901943e+01
1.409926732062769084e+01
1.409060782741059370e+01
1.415426543709522278e+01
1.416624781023083912e+01
1.422406222283718868e+01
1.418724792845498328e+01
1.417625371192780115e+01
1.417676410773290563e+01
1.419643457080586835e+01
1.419232909471423376e+01
1.417421583253051764e+01
1.415852315357340352e+01
1.414867870818731710e+01
1.413657315950471904e+01
1.413898002474518734e+01
1.411919855511340671e+01
1.411341727496045806e+01
1.409952089599619818e+01
