1.430702283456975366e+01
1.404293180826258869e+01
1.398914235642009096e+01
1.402229743543320772e+01
1.399299754425595488e+01
1.403557118275715965e+01
1.401938415043096953e+01
1.401207376290826900e+01
1.400680826308151339e+01
1.400961318233484931e+01
1.403097596359986099e+01
1.402285799110963183e+01
1.402494898702328996e+01
1.404312072064290717e+01
1.403922988833204855e+01
1.404080516416357405e+01
1.403000828793974719e+01
1.403865941982111565e+01
1.403901091547827207e+01
1.404314860776264950e+01
