1.406136135235430018e+01
1.403985010307248515e+01
1.404742530280103807e+01
1.403827336589208841e+01
1.401230542176854854e+01
1.400957095360227633e+01
1.399979405953176936e+01
1.400447981730338043e+01
1.400280151021475561e+01
1.401504452374731002e+01
1.400431033208149145e+01
1.401120871731006723e+01
1.402029202578873246e+01
1.402426945246417844e+01
1.403434617956371611e+01
1.405057817935516695e+01
1.404920204545813078e+01
1.404150945586363264e+01
1.403491825733734366e+01
1.402996661269813572e+01
