1.283532106646041726e-01
9.600713230551682908e-01
9.639796906209769922e-01
9.626653601547546790e-01
9.618366873867306710e-01
9.624837192774164940e-01
9.624774834173213112e-01
9.623149016073863082e-01
9.607848234088546269e-01
9.634777924349039457e-01
9.623736055597529315e-01
9.628496655695706341e-01
9.602153048430408511e-01
9.633630207408175883e-01
9.612271565548242691e-01
9.617499913810374501e-01
9.623643669222993191e-01
9.629837647750278951e-01
9.638114813279659021e-01
9.631227098388819297e-01
