1.444138252384687604e+01
1.402845927438672824e+01
1.403337654074392482e+01
1.402718163611850244e+01
1.403602848298027261e+01
1.403862722571695265e+01
1.404032735436194201e+01
1.403698846445701243e+01
1.403649372241846827e+01
1.404520396913823355e+01
1.404369633278195373e+01
1.404768507243903208e+01
1.404254929883384939e+01
1.404245644685580174e+01
1.404171000451479046e+01
1.404602302436480521e+01
1.404765895336105963e+01
1.404746421484465202e+01
1.404688485314230562e+01
1.404844370791274422e+01
