1.045749505415653063e-01
9.528727509122251194e-01
9.503486887918787263e-01
9.527047562514675549e-01
9.516044899647985167e-01
9.517874906029385462e-01
9.510273978003245254e-01
9.529830722165024692e-01
9.515892683073563507e-01
9.524385656520840682e-01
9.516495252115672043e-01
9.535037345815805532e-01
9.528642330758579915e-01
9.515362177269514055e-01
9.538657057900912228e-01
9.509479413533500347e-01
9.524785619489161137e-01
9.519933908741343709e-01
9.515535773661635277e-01
9.511916168504371827e-01
