1.393990382302871467e+01
1.403200967665342880e+01
1.405741789997828128e+01
1.406795872550862470e+01
1.406442099207155572e+01
1.405754820869496946e+01
1.405011352355847976e+01
1.404734336150337803e+01
1.404408365940353498e+01
1.404207888949533078e+01
1.403878327881296251e+01
1.404138739437768635e+01
1.403575403891455764e+01
1.403499325487578631e+01
1.403934817426364212e+01
1.404360805901962372e+01
1.404439411322081988e+01
1.404582837451083854e+01
1.404348804921223071e+01
1.404483135157741813e+01
