2.317459305477555752e-04
2.461578168965855270e-04
1.215384555130075064e-03
4.693086334311255721e-03
4.743755781746648859e-02
4.088200762913000719e-01
5.757932927228252007e-01
5.883883682573519680e-01
5.912187119070954067e-01
5.903448769875448976e-01
6.065375123363930809e-01
5.958561336939433017e-01
5.908844046527452765e-01
5.878743279595237681e-01
5.924610910628628213e-01
5.937272880405891629e-01
5.979562283470781781e-01
5.984522479594891475e-01
5.947940800733195754e-01
5.989707378675885874e-01
