1.011577998352565733e-04
1.001098402739246049e-04
1.252358548514754524e-03
1.048168757135286688e-03
4.342495123545134120e-04
1.664801418683090062e-02
3.043131800279204602e-01
5.618751458626102258e-01
5.816446105991678328e-01
5.855641394659049093e-01
5.916311355169370234e-01
5.908933368652032891e-01
5.904493430006155785e-01
5.911977774990315737e-01
5.991239774352652425e-01
5.925845846561133001e-01
5.954233413671585762e-01
6.040238535419257815e-01
5.952385496552687894e-01
5.876966644525629668e-01
