2.188457890929329395e+07
6.011043722771788016e+05
5.234029769040623903e+08
2.524766758869374096e+08
4.932125883562736511e+08
5.193930630150366426e+08
5.339156654084332585e+08
5.376904554635053873e+08
5.402671375248272419e+08
5.420194734010480642e+08
5.442060652547208071e+08
5.432040723323434591e+08
5.436412738750988245e+08
5.436551224798828363e+08
5.442516586724734306e+08
5.437406635506786108e+08
5.444090415471292734e+08
5.450049709054021835e+08
5.458243937674453259e+08
5.460509524522734880e+08
