1.457975033347021416e+07
3.027719513478298206e+06
2.888001181457572579e+08
4.854100376758391857e+08
5.339256258022976518e+08
5.389206815674202442e+08
5.409266700245813131e+08
5.423231258740453720e+08
5.450624621162555218e+08
5.449624099387003183e+08
5.451764284262510538e+08
5.450412807905995846e+08
5.452160604193823338e+08
5.453063943714622259e+08
5.453237370561734438e+08
5.452025861748160124e+08
5.451390888142083883e+08
5.454679395999785662e+08
5.461048741684986353e+08
5.460959973132259846e+08
