2.034459933629379825e-04
6.265206405033632228e-04
1.888048580203973651e-03
8.315656003981932234e-03
1.925815239286296776e-01
5.532281640308183146e-01
5.874516351187081264e-01
5.902022790999446045e-01
5.864979200694060424e-01
5.885687228166456286e-01
5.894415011753617595e-01
5.931690350942120382e-01
5.893835271141101284e-01
5.930870663595187997e-01
5.992744138583078195e-01
5.947011516714344470e-01
5.928717663238636248e-01
5.864241072229926521e-01
5.933045564242717118e-01
5.873294301389746508e-01
