1.300034543240000460e+02
3.204464156302265776e-01
9.660893425374136867e-02
5.277030379541945010e-02
3.356281171860991952e-02
2.619999194556128785e-02
2.405734978312086200e-02
2.014140890485204005e-02
1.872562330354411025e-02
1.610024607447907083e-02
1.428007636177153206e-02
1.457279858429855190e-02
1.218676090295489796e-02
1.129696114362211887e-02
1.041395921355112858e-02
9.473843074563382399e-03
8.145077352428014422e-03
7.874480216235262009e-03
7.745598142588458641e-03
7.287334515395931141e-03
