2.716719373079730555e-03
1.617982264598846320e-03
1.650905532126336088e-03
1.731275836450212047e-03
1.515472266202335912e-03
1.553958882187114407e-03
1.499494755888282176e-03
1.653646376349635636e-03
1.652660834307895579e-03
1.515811640647707348e-03
1.308712885532274965e-03
1.408356685193687743e-03
1.568451160287087859e-03
1.586674498952880472e-03
1.528586393930584080e-03
1.686694073116729335e-03
1.576483909405058470e-03
1.543916596482355040e-03
1.606310522388775149e-03
1.599987824125829409e-03
