2.454402164701080524e-01
7.674007128598039351e-01
8.345039166117156348e-01
7.730232929409670550e-01
8.288386339790644319e-01
8.469888827488046834e-01
7.795642754367041460e-01
8.553359777349646142e-01
8.399525099026616815e-01
8.700778093767224108e-01
8.487417490106984319e-01
8.106342834278300602e-01
8.320193219685514396e-01
8.205269081330778258e-01
8.621548962327697518e-01
8.589079245542625696e-01
8.516776063032175381e-01
8.622060166281737548e-01
8.465298217634303901e-01
8.710569118844528891e-01
