1.456589954452054769e+01
1.413215548886802075e+01
1.407049018750200098e+01
1.403279164547605262e+01
1.402458989156543900e+01
1.401079829221946937e+01
1.402229741255517759e+01
1.403686287036776470e+01
1.403556160113580553e+01
1.404005004198814710e+01
1.401329815370947252e+01
1.401288305546724011e+01
1.400909765050665179e+01
1.402460074561491687e+01
1.401219706279038490e+01
1.401485792465800273e+01
1.400713979022371980e+01
1.401526514246766908e+01
1.400594482418935982e+01
1.400000865038086673e+01
