2.860883271320407983e-01
8.421674910528814673e-01
8.625409862695907481e-01
8.337470810248982511e-01
8.551293084171509573e-01
7.897217603316538659e-01
8.653624576987473116e-01
8.212986993975930350e-01
8.512835550431906428e-01
5.544836322957124031e-01
8.359951935784752930e-01
8.357628901792517606e-01
7.861872582073660132e-01
8.321831572891102979e-01
8.556047653189687852e-01
5.006137505236341045e-01
8.348751835834676838e-01
8.358640551092744175e-01
8.279845721034720940e-01
8.478799645089181158e-01
