1.417879432844685716e+01
1.398054901012122642e+01
1.394798387444660648e+01
1.391869803939483496e+01
1.390676877038152348e+01
1.389369582418094495e+01
1.392340918883993162e+01
1.395437446964650796e+01
1.391385736531989359e+01
1.391212660730667672e+01
1.393931137833485856e+01
1.392994176192320666e+01
1.393366404709596296e+01
1.394646851256324105e+01
1.395061357001964630e+01
1.431220845735477987e+01
1.408162129923141315e+01
1.412347023588421990e+01
1.409618405721155909e+01
1.407277322398543795e+01
