1.448608439335458087e+01
1.404400342766365739e+01
1.403178075912648737e+01
1.398480560024944630e+01
1.396953721580734076e+01
1.397311413222189991e+01
1.398645262249226384e+01
1.397693085089073861e+01
1.396689503199470828e+01
1.396260552294668322e+01
1.395368675366435163e+01
1.395494653175389388e+01
1.394258056236286869e+01
1.393257270780046753e+01
1.392798887117482032e+01
1.393541008573001960e+01
1.393214387342937854e+01
1.392870494222237454e+01
1.393580882496019946e+01
1.393407936127484348e+01
