2.148517954823965515e-01
5.956899104171872183e-01
6.920700498894607477e-01
2.623266138251353352e-01
5.612482585705673710e-01
6.016143193248693066e-01
6.741468509587827951e-01
7.382863984871482765e-01
2.109560910177256665e-01
6.871672424123288492e-01
4.476647102022661140e-01
8.723671337735920683e-02
6.275211446059049125e-01
6.850046512656472464e-01
7.120029501092739466e-01
3.292126043601032448e-01
5.488236674911001201e-01
6.991122994708276472e-01
7.017138757776295588e-01
6.432995036008387624e-01
