2.648683315426199614e-01
8.317447251306842038e-01
8.258292893433351045e-01
8.446235349416333360e-01
7.498706455998094267e-01
8.673739343374353705e-01
8.660713820590212331e-01
8.602275865477544414e-01
6.289148246104414586e-01
8.528819916841782200e-01
7.843967476862948596e-01
7.965740536150759388e-01
8.455107215428269152e-01
5.853941435478082767e-01
7.357094445480225620e-01
8.320708207987304039e-01
8.468367217220490462e-01
8.551663696540150461e-01
7.557714392834349315e-01
8.110881723343061900e-01
