1.157138477918147196e-01
7.755004678731675094e-01
6.664115806897736860e-01
7.309905538399025238e-01
7.328187564130790310e-01
7.393333111177771144e-01
5.303978378705026531e-01
7.027470013907466395e-01
7.477950134537767468e-01
6.989488619176472683e-01
1.514398687329981258e-02
6.293303756620354239e-01
6.967830809934024705e-01
6.476099072017343916e-01
7.243216649370857185e-01
7.216755913789959509e-01
6.493680222825917170e-01
7.346471274396569884e-01
6.403500514989493020e-01
6.851380478820727760e-01
