5.198436445509468234e-02
3.574904264218033423e-01
1.825479091165544965e-01
3.358612424283130560e-01
1.022866874430715112e-01
4.871642107324298254e-01
3.839802759663038523e-01
3.410851907491307955e-01
2.957864945808295620e-01
4.777832851889853849e-01
2.601554386713196831e-01
5.037780161536297152e-01
4.615923571537983716e-01
1.611040051067907930e-01
4.937484208419171683e-01
4.182710585106597101e-01
4.135542886213727232e-01
3.441612469201321134e-01
1.464761025603462594e-02
1.764963134505714848e-01
