1.233183282951758469e-01
7.139541564315993183e-01
6.520985806222695524e-01
7.474439504030712111e-01
6.693672627967856004e-01
2.738660808358012178e-01
7.104711767444628068e-01
7.466941530666015847e-01
7.468673608647959927e-01
7.640009967010639169e-01
6.498045520995479052e-01
6.721926128373609810e-01
7.727790633753564009e-01
7.670538682635971162e-01
2.497979920333922299e-01
7.327519040480284795e-01
7.667670251177010066e-01
7.244093226550227804e-01
7.667610875364964107e-01
7.289530395796992579e-01
