1.251511464481172564e-01
7.479696104905327880e-01
6.515508518628446710e-01
7.289929890752011588e-01
6.951317314368689049e-01
7.227511067115157672e-01
7.573288347539979259e-01
6.774388650850463600e-01
5.564698290055507535e-01
7.003086407641538891e-01
7.426384563443031439e-01
6.903385405877879855e-01
7.166474450559920939e-01
6.799097110861764826e-01
6.102234523021224932e-01
7.246265521090676787e-01
7.721942686096073816e-01
6.395500716212634273e-01
7.601511950687415142e-01
6.967442019131115938e-01
