1.919338643425060010e-03
4.134386644486944817e-01
9.955596663616248509e-01
9.984987547072596836e-01
9.989721328335916528e-01
9.991867425811582493e-01
9.992752181509672038e-01
9.993856832842045179e-01
9.995045970984536288e-01
9.995247199394198256e-01
9.995495606674505984e-01
9.995861699642970555e-01
9.996488487835124559e-01
9.996186240908495613e-01
9.996567733787060650e-01
9.996845953920916461e-01
9.997179206705121279e-01
9.997324188862638517e-01
9.997267889896324089e-01
9.997771809665942921e-01
