3.793177131110857317e+03
6.981651951937999911e+03
7.007042501003174948e+03
7.001892420005977328e+03
7.010986076914921796e+03
7.015289700423555587e+03
7.011755352493226383e+03
7.016534851353368140e+03
7.015835210928539709e+03
7.017337171485280123e+03
7.017500753215997975e+03
7.018560988174188424e+03
7.018637474689867304e+03
7.019106988058649222e+03
7.019852216528064673e+03
7.020436161964062194e+03
7.021624261464206029e+03
7.022163678772497406e+03
7.022830572199347444e+03
7.023056181522543739e+03
