5.588883262666517228e-03
5.778622313815096057e-01
9.960727844024778177e-01
9.987381783581562589e-01
9.993792453881044091e-01
9.994232302001132551e-01
9.995537982933385690e-01
9.996391162295711341e-01
9.996716354908115054e-01
9.996808448988732110e-01
9.997416044460962770e-01
9.998038975400932449e-01
9.998188238756852142e-01
9.998611774723497048e-01
9.998465952958380809e-01
9.998577175659980609e-01
9.998786781805028001e-01
9.998842735793415093e-01
9.998958924327108200e-01
9.998894175022607911e-01
