1.816714010265003563e-03
2.633818183956177506e-01
9.889085728442799095e-01
9.975854196051451295e-01
9.987421986237001725e-01
9.990661684081487692e-01
9.993792500975209325e-01
9.994393027966369525e-01
9.995697732883124242e-01
9.996244901712113551e-01
9.997077388226027761e-01
9.997529401939584393e-01
9.998119326796370832e-01
9.997937017842379870e-01
9.997844599523322273e-01
9.997901601671114191e-01
9.998283370565846928e-01
9.998531525816368726e-01
9.998545112163509385e-01
9.998554670871010464e-01
