6.812034495487038839e+03
7.060051426979622192e+03
7.022434302993077836e+03
7.024482545201131870e+03
7.025323596146114141e+03
7.024109641894695415e+03
7.022733556133130151e+03
7.023413309648306495e+03
7.023850782024373984e+03
7.022331908196325458e+03
7.023806224665841000e+03
7.025686511825674643e+03
7.026470480601802592e+03
7.025975476886202159e+03
7.025839194597091591e+03
7.026384896649837174e+03
7.026453862859422770e+03
7.026088277367235605e+03
7.026867579568496694e+03
7.026899366720433136e+03
