2.011927361257594748e+04
6.506524556193186982e+03
7.015138776153210529e+03
7.008057619086440354e+03
7.009048869209093937e+03
7.012292334963517533e+03
7.016308233787647623e+03
7.020740861526811386e+03
7.022637863718043263e+03
7.021849957851538420e+03
7.020918478288855113e+03
7.021316148482748758e+03
7.022123238903033780e+03
7.021931356098080869e+03
7.023320497272871762e+03
7.022636564922941034e+03
7.022633164450402546e+03
7.022612055150046217e+03
7.023257966628963004e+03
7.024680920732169398e+03
