2.687000077156929435e-03
3.785182469176449627e-01
9.901235179459439983e-01
9.981150496091397706e-01
9.984069014793198749e-01
9.988525357219399936e-01
9.991298208050634067e-01
9.992904250657975718e-01
9.993807884800047781e-01
9.994886660305898340e-01
9.995323054900892012e-01
9.996332814944243195e-01
9.996331957324606776e-01
9.996813251126798194e-01
9.997081747726935808e-01
9.997003887685891321e-01
9.997518877040620922e-01
9.997505563869392153e-01
9.997790913552788705e-01
9.998025502075834625e-01
