7.934543809362726279e+03
7.078645942651012774e+03
7.002231424111230808e+03
7.020491280422018463e+03
7.016546579392977947e+03
7.020675596476942701e+03
7.023017542189753840e+03
7.024131980313006352e+03
7.025491419708910144e+03
7.025199487603720627e+03
7.025797701738027172e+03
7.026127142711688066e+03
7.026456374509357374e+03
7.027245899099749295e+03
7.027435769269225602e+03
7.027879841981268328e+03
7.027800001169212010e+03
7.027940116416067212e+03
7.028039187132259030e+03
7.028529339537844862e+03
