9.860190700555183322e-04
1.450925174311660792e-01
9.863165459372219557e-01
9.983851185202636813e-01
9.988061617779753210e-01
9.992768178191727690e-01
9.993983825414147759e-01
9.995363057828620112e-01
9.996281770904567043e-01
9.996506097465430729e-01
9.996775164412191605e-01
9.997099184446026632e-01
9.997142935015836951e-01
9.997505611471803055e-01
9.998051739212202582e-01
9.998271527435829142e-01
9.998359254836099996e-01
9.998315705265837794e-01
9.998602796959025207e-01
9.998787873105042801e-01
