5.467190794402324173e+03
7.015201989616491119e+03
7.034534742190633551e+03
7.031318058109785852e+03
7.025693434411225098e+03
7.026691776323437807e+03
7.027763213107971751e+03
7.025318409973172493e+03
7.024882348804530920e+03
7.025818555021495740e+03
7.024453039157687272e+03
7.025178293773894438e+03
7.024627766335100205e+03
7.025977797127221493e+03
7.026263766022245363e+03
7.026205134028972680e+03
7.026448919344275055e+03
7.026079574281927307e+03
7.025969161259427892e+03
7.025950115287597328e+03
