7.515667507326616033e+03
6.601796907326957808e+03
7.035645780724183169e+03
7.028162586734008983e+03
7.023069621508566343e+03
7.028213464989352360e+03
7.027468092841775615e+03
7.028780870425241119e+03
7.031106661742251163e+03
7.032460525140085338e+03
7.032527849289470396e+03
7.032285448315272333e+03
7.031876350966286736e+03
7.031576427862468336e+03
7.032374061682078718e+03
7.032629419330320161e+03
7.031839317331725397e+03
7.031678985184766134e+03
7.030461153819865103e+03
7.030352922250764095e+03
