6.791575334516694056e+03
7.066855134254144104e+03
7.028659346045133134e+03
7.036296233961029429e+03
7.027735267825314622e+03
7.026049541210582902e+03
7.025420486975885979e+03
7.027680662291864792e+03
7.026527900592093829e+03
7.026833502038875849e+03
7.027833883146367953e+03
7.026472432777693939e+03
7.028023554866800623e+03
7.028187197392732742e+03
7.028076181948045814e+03
7.028492669706638480e+03
7.028375855622221025e+03
7.028247749748736169e+03
7.027820098035605042e+03
7.027431555245224445e+03
