2.193670303319328850e-03
1.488200997811715276e-01
9.712263388530788522e-01
9.770250279243486435e-01
9.586007022389148036e-01
9.973472126887138467e-01
9.974289138814911304e-01
9.977430309240293838e-01
9.977537319276594818e-01
9.979036124693643206e-01
9.978458230655220529e-01
9.980108045476531187e-01
9.979300124239198766e-01
9.987885634339458418e-01
9.995985819773567371e-01
9.997498126242261307e-01
9.995049509588440628e-01
9.994092421504922052e-01
9.993638882507672738e-01
9.993872244298884766e-01
