1.000000000000000000e+00
9.099999999999999645e+00
3.700000000000000178e+00
7.300000000000000711e+00
5.500000000000000000e+00
4.912558228045747377e+00
4.874122457212457959e+00
4.857534434952093250e+00
4.850424354400239224e+00
4.842589554063186696e+00
4.837418297036228942e+00
4.832479953461040978e+00
4.824944013162475898e+00
4.820663821180123598e+00
5.326799580394273370e+00
4.748554713752284329e+00
4.778557384177501532e+00
4.794132542361127847e+00
4.804160067298774095e+00
4.809240668340558855e+00
