7.836801563845167615e-03
5.066639591731627590e-01
9.804087836646863119e-01
8.688554401615865563e-01
9.470189423362488368e-01
9.628062665787782137e-01
9.800300527915699611e-01
9.760279292252118655e-01
9.667600056063851977e-01
9.377864247912616191e-01
9.952764843311401322e-01
9.948886719798957223e-01
9.936836528356122189e-01
9.856980653695415207e-01
9.975834603805182610e-01
9.974580877743223217e-01
9.973384684024971802e-01
9.971701378396374826e-01
9.970682469194875885e-01
9.966537506293801085e-01
