1.073302671089990806e-03
1.378377778311120627e-01
8.590591010890075152e-01
9.779427305335078868e-01
9.959105667997335543e-01
9.985694047785560468e-01
9.988471886299802316e-01
9.988710136023570829e-01
9.989579263192572833e-01
9.991265086133584994e-01
9.991454714868076570e-01
9.991645884626925156e-01
9.992171836442145239e-01
9.992893379956433453e-01
9.992316837080261749e-01
9.994241379044448426e-01
9.995108086257387114e-01
9.994460525026689357e-01
9.994619563460326317e-01
9.995336353356725212e-01
