2.046115859119006231e-03
3.057609145281637852e-01
8.608186991922032183e-01
9.852649057271058997e-01
9.977170653433975467e-01
9.993095944820831189e-01
9.993472576208551894e-01
9.994326262377756231e-01
9.994532661629719206e-01
9.994856272523564567e-01
9.995415648186781743e-01
9.995891595796263518e-01
9.995416070327034497e-01
9.995772113739449516e-01
9.995730376165511410e-01
9.998100567877160616e-01
9.996586260453423911e-01
9.997507283299436054e-01
9.997456535692686996e-01
9.997168713398784101e-01
