2.019819892252361058e+02
1.916557728288985345e+02
1.915348435671455150e+02
1.912131896795774253e+02
1.907752738087280591e+02
1.910087306134212781e+02
1.909118619845588114e+02
1.906670902957534395e+02
1.907019345120155549e+02
1.909222040277850567e+02
1.908140453670540069e+02
1.905716635837422643e+02
1.905319412073370700e+02
1.904858580669379933e+02
1.904316408606857749e+02
1.904222579908012847e+02
1.903697579198089329e+02
1.903304932113676102e+02
1.903914001807014813e+02
1.903477835623997123e+02
