1.450496638851872869e-02
8.097109100816671790e-01
8.429293299744998746e-01
8.480189885771961533e-01
8.442330527610689694e-01
8.497820913047834379e-01
8.476083223672722378e-01
8.461210636124111284e-01
8.471203182167305057e-01
8.397001590881409960e-01
8.490438542787990261e-01
8.459489965868727257e-01
8.459041638485369496e-01
8.446526480271444592e-01
8.429105454362827432e-01
8.444674312697773022e-01
8.483016949120367745e-01
8.489030834004196446e-01
8.416873772864926773e-01
8.464855561748163559e-01
