1.850172546952553034e+02
1.898513041315117960e+02
1.901042564149216503e+02
1.900448382058999073e+02
1.898994586329774847e+02
1.900439117562623323e+02
1.896552108693169032e+02
1.896288406484443669e+02
1.897800095103526701e+02
1.897337035114233288e+02
1.898135766540973748e+02
1.897313493801479751e+02
1.897506911680304995e+02
1.896450536225815995e+02
1.895556820454883393e+02
1.895068159526188651e+02
1.895425491123051529e+02
1.895920813317819125e+02
1.895912005143678414e+02
1.896570582703136552e+02
