1.850642240811568797e+02
1.887857664718046919e+02
1.898153957341420153e+02
1.899289562033252139e+02
1.898564243783739300e+02
1.900276254924673935e+02
1.900793878459385269e+02
1.899398915229144222e+02
1.899949795578821750e+02
1.899438134772375122e+02
1.898476985949131119e+02
1.898902390406187237e+02
1.899955646227336672e+02
1.899028428980831222e+02
1.899284941846896686e+02
1.899503942390602163e+02
1.899776391096194743e+02
1.900932285987015291e+02
1.900699321798081201e+02
1.900479305514850807e+02
