1.723785840639188507e+02
1.887490647599367435e+02
1.881063812987891879e+02
1.892197137131124123e+02
1.895506364006220679e+02
1.894718899225590576e+02
1.894631028535755775e+02
1.894495489198518783e+02
1.897593403231271907e+02
1.896952250161376980e+02
1.898905566144501051e+02
1.899187620926609554e+02
1.899356275551525925e+02
1.898146953044847862e+02
1.897577622870139464e+02
1.897143127481731995e+02
1.896868286924151619e+02
1.896996710394807906e+02
1.896974513399374018e+02
1.896625104754403708e+02
