2.083604861239641082e+02
1.915744865208048964e+02
1.906050994420763800e+02
1.907411686189126954e+02
1.903606616214712801e+02
1.902466261596057393e+02
1.904459352882244900e+02
1.902838467403175855e+02
1.902426584297635941e+02
1.901537554633536615e+02
1.900643886114078498e+02
1.900400976111888554e+02
1.900774352722422407e+02
1.899993902005550694e+02
1.899384464554053977e+02
1.899413097390427367e+02
1.899147004590280687e+02
1.899009807501249441e+02
1.899424810763409539e+02
1.898605551411766896e+02
