1.043279484906337214e-02
7.873253201680479041e-01
8.184952262610426521e-01
8.152346528248087809e-01
8.141997295717767757e-01
8.190230205315451872e-01
8.224337798796227395e-01
8.197982839160415924e-01
8.144177985451324098e-01
8.184717537052563774e-01
8.205084376397584478e-01
8.127284627958550889e-01
8.164159772444802288e-01
8.124376181338626157e-01
8.149470756686539863e-01
8.176848224900212792e-01
8.170886877904136592e-01
8.183669270048354871e-01
8.177382573587698156e-01
8.155937218790253462e-01
