9.812474220437622865e-03
5.542239502509588300e-01
5.845577792952327822e-01
5.824409677637780725e-01
5.858624074952871741e-01
5.948176779446772144e-01
5.818780625775173965e-01
5.807222258146658156e-01
5.892877457376312078e-01
5.873561216870339940e-01
5.816071140437355513e-01
5.836514792817313335e-01
5.799988375920122063e-01
5.882905395760197331e-01
5.874201465167615543e-01
5.799531095532322045e-01
5.871657415995936713e-01
5.869777166515554034e-01
5.826135381018984205e-01
5.813988993838389296e-01
