1.965319564531208130e+02
1.893394892616294953e+02
1.906173064379607922e+02
1.909415479578607062e+02
1.914325534667233057e+02
1.913537468598741498e+02
1.907646929069314865e+02
1.908257841589038435e+02
1.901967701156819430e+02
1.900726733394203620e+02
1.902838091348401122e+02
1.901919265654253195e+02
1.902402693486717453e+02
1.902851133900450691e+02
1.903550140951961112e+02
1.901224493426822733e+02
1.901337031902349963e+02
1.901136653093708162e+02
1.901256321875403330e+02
1.900838276563107172e+02
