8.016230095669768171e-03
4.914549376377482237e-01
5.630376190771084755e-01
5.598090382506754059e-01
5.500323737538763691e-01
5.529258880945931987e-01
5.599371159653746544e-01
5.589232897842678627e-01
5.620650340889941088e-01
5.558410128571402709e-01
5.498573576655779727e-01
5.505003326549861020e-01
5.547114867612161770e-01
5.615325561139826727e-01
5.577532001539327045e-01
5.581499348512994896e-01
5.564839602407566366e-01
5.593797224025114367e-01
5.560046025948834902e-01
5.528770268544025424e-01
