1.825015458958211241e+02
1.853730794908046846e+02
1.876931128515272462e+02
1.878644823786140989e+02
1.888356956462895084e+02
1.893048855986963019e+02
1.891146642376913576e+02
1.894836194650281413e+02
1.894117626852622891e+02
1.893530397174686186e+02
1.892801949543012370e+02
1.894407418309206150e+02
1.893189886620492075e+02
1.893240954202668433e+02
1.894157332022874414e+02
1.894388652873255694e+02
1.893659912056087080e+02
1.895476956676152440e+02
1.895505560939310783e+02
1.897530223058110721e+02
