7.164927127175196343e-03
4.971542911451105606e-01
5.488792080561577524e-01
5.607392377988812404e-01
5.560046666657457726e-01
5.539886031473805206e-01
5.581209529646469214e-01
5.526564560936758630e-01
5.496181193232240192e-01
5.509614295706553033e-01
5.531859295442298485e-01
5.556850288775162516e-01
5.566838060755160411e-01
5.642047555734741593e-01
5.532139367113207973e-01
5.492422814848810786e-01
5.522654979070737991e-01
5.543571786002716717e-01
5.543257596089814498e-01
5.538107911491915170e-01
