1.653007829990374091e+02
1.866459403154355243e+02
1.881877272333948667e+02
1.890602115692442169e+02
1.890807653903520134e+02
1.893505848225354953e+02
1.898742983222561520e+02
1.898588470304354701e+02
1.896969555391538336e+02
1.900572572839227234e+02
1.900184272146155138e+02
1.898069752740012746e+02
1.897247408693152977e+02
1.896880119643172691e+02
1.897855691463321648e+02
1.898330879558909032e+02
1.899000070374256381e+02
1.898719388304598965e+02
1.898933413738390072e+02
1.898235264594558487e+02
