8.755469370287597558e-03
5.402713170645702112e-01
5.814988794651206883e-01
5.903606577759989982e-01
5.833690446872671354e-01
5.871576424447109144e-01
5.761944684806977746e-01
5.832375861877910905e-01
5.824720734226018770e-01
5.900081485647030721e-01
5.799665483590685788e-01
5.864184114584340968e-01
5.798563670912677548e-01
5.822364518714980841e-01
5.854235206434650340e-01
5.823586444857469235e-01
5.842318035640096108e-01
5.902019179880761968e-01
5.877680705700092378e-01
5.862069718749496339e-01
