1.557275078675235989e+02
1.884564110605675182e+02
1.898118976641833342e+02
1.892689123381265972e+02
1.897140931212189798e+02
1.898970694520209577e+02
1.903370100365170288e+02
1.895391852842334970e+02
1.893487878123794701e+02
1.893440091260488032e+02
1.892647687560032637e+02
1.893048804121439730e+02
1.893300951340475251e+02
1.893788943240171818e+02
1.894176367158839014e+02
1.894598321657677786e+02
1.895340543656462273e+02
1.894308014210506315e+02
1.895069479255457452e+02
1.894630346629176643e+02
