1.653069568485984481e-04
1.223020699818990690e-04
1.634365181827109991e-04
1.007117863942408553e-04
1.498851428592972790e-03
3.328906114385285064e-03
2.760491961166950618e-03
9.383106794578406629e-02
7.315362575793334932e-01
9.275895313498020434e-01
9.461347168967275678e-01
9.477881310716189667e-01
9.534223663270424698e-01
9.569947198840118574e-01
9.736228159500944779e-01
9.730942977601991783e-01
9.725361792013522688e-01
9.941269294880965557e-01
9.947542215738655047e-01
9.949644612975179214e-01
