3.625631801931082457e+07
2.727302818753137589e+08
4.598374983580437303e+07
3.732461115402715802e+08
1.278814196321824074e+09
2.436903671158145905e+09
3.361030028796778202e+09
4.375074555251885414e+09
3.315828790920188904e+09
4.471677321483147621e+09
4.596210963782999039e+09
4.642256447330471039e+09
4.678104064333648682e+09
4.693126339739848137e+09
4.704242508880334854e+09
4.714131617267419815e+09
4.720690236482642174e+09
4.723669552146189690e+09
4.728175215940386772e+09
4.730673008447219849e+09
