1.743878303123617491e-03
8.002679496095794608e-04
4.214361757860791285e-04
3.899341407581635179e-04
1.539504032075598441e-04
4.933295689640353372e-03
7.962240939101472570e-03
7.835569822710369142e-03
4.012313010814673730e-01
9.344998536373679832e-01
9.724495341567984674e-01
9.809322266845195148e-01
9.842055571768529854e-01
9.875591264091605481e-01
9.888400946071497222e-01
9.905054667966191051e-01
9.910216838202122736e-01
9.911952242747767983e-01
9.899533629415422364e-01
9.896895253583052332e-01
