7.259590640618176789e-04
4.607334341869755525e-04
5.802352442857432353e-04
1.243908142129935158e-03
5.733484244111001875e-03
7.878892955882786306e-03
9.180901003165632679e-02
4.648417990679014067e-01
9.167348379104435230e-01
9.319371125169951808e-01
9.890979336276282119e-01
9.923476104755764027e-01
9.939368049229529989e-01
9.949312546209195807e-01
9.952507460760433577e-01
9.957312849919562892e-01
9.961182634514623713e-01
9.964439830194400383e-01
9.964400693367970741e-01
9.962501287130576255e-01
