1.000000000000000000e+00
9.099999999999999645e+00
3.700000000000000178e+00
5.500000000000000000e+00
7.300000000000000711e+00
1.000000000000000000e+00
2.348122557953901790e+00
1.000000000000000000e+01
6.399987851028980046e+00
8.126378582756080604e+00
4.681505221885748469e+00
4.682182812058440113e+00
4.682452914631182850e+00
4.681966624837210489e+00
4.680692069220522278e+00
4.679245617800924961e+00
4.676933790129385926e+00
4.671885224706693762e+00
4.658490587253991677e+00
4.615384538444502915e+00
