2.426177908287193569e-03
8.762410250952980609e-04
1.645959707791469539e-03
3.450151145062306177e-04
4.455967460237865094e-04
4.896083421382443771e-04
2.936864159757573457e-03
3.225651186618858340e-03
1.607382935959656214e-02
9.173720135151995636e-02
5.484438724979536772e-01
9.411911130052229568e-01
9.711912886941851397e-01
9.755696177188849516e-01
9.777806864290143896e-01
9.831615890867247964e-01
9.733808782243316138e-01
9.880237490026341218e-01
9.877794582523322653e-01
9.883007344697533059e-01
