1.000000000000000000e+00
1.899999999999999911e+00
3.700000000000000178e+00
7.300000000000000711e+00
9.099999999999999645e+00
5.499771189678487104e+00
1.000000000000000000e+01
1.000000000000000000e+00
4.604232548823233628e+00
4.604560399151035099e+00
4.604525287813080681e+00
4.604402825316192605e+00
4.604222330748661385e+00
4.603983683725147991e+00
4.603665096323553030e+00
4.603318238601977974e+00
4.602322222835392829e+00
4.600383085097573321e+00
4.592997777724491471e+00
4.522170942258523674e+00
