4.036854072448359430e+07
6.872817206223163605e+08
2.128210092573273554e+07
1.097348820266540766e+09
4.440692915037142754e+09
2.948140230179483891e+09
3.806580825074639320e+09
4.479163034918160439e+09
4.632803276059000015e+09
4.688128381101329803e+09
4.699850417072493553e+09
4.709001990240878105e+09
4.714923200372905731e+09
4.722961434318205833e+09
4.727446916990592957e+09
4.730561576153047562e+09
4.733193842954312325e+09
4.735336979599847794e+09
4.736119476328742027e+09
4.738896337798974037e+09
