9.555795754091070648e+02
1.625530497267845931e+03
1.566701844374126040e+03
1.566558359273186397e+03
1.576981262717134996e+03
1.582780135208400907e+03
1.589231647085360009e+03
1.595429642381777740e+03
1.596080181674229152e+03
1.584125578734583314e+03
1.581818686188680431e+03
1.589249169975161522e+03
1.587425614253724916e+03
1.585531076532171483e+03
1.591036328234498342e+03
1.589790631082222035e+03
1.596167112388317719e+03
1.593743666567349010e+03
1.596685243837365761e+03
1.595388842807276887e+03
