1.668727661302481920e+03
1.652370248807365897e+03
1.607584321935687512e+03
1.584445627828322358e+03
1.580870311060796894e+03
1.578262529298423715e+03
1.576760572934284028e+03
1.580244884684154385e+03
1.581224900298836246e+03
1.575199652593889141e+03
1.577314265410909911e+03
1.579387708236666867e+03
1.585578407108166402e+03
1.586905545613130016e+03
1.588110091818541378e+03
1.599727275272796760e+03
1.584438169197984962e+03
1.586462265006192638e+03
1.589517807621824431e+03
1.592236734084302270e+03
