9.935595880564690799e-03
2.673239063501774426e-01
3.947905784783627969e-01
3.814306204100696984e-01
4.302876291983760981e-01
4.164410397354283422e-01
4.271322937743574633e-01
4.391544421067946069e-01
4.335069736768213389e-01
3.832711027950403970e-01
3.830039014357387028e-01
3.892099299020051473e-01
4.037226989302961089e-01
3.188578164258516479e-01
2.776489060555200061e-01
3.839811080260498444e-01
3.661087803601491553e-01
3.907152938499145467e-01
4.097320164326106462e-01
3.420679526378532231e-01
