1.743395797496903382e-03
8.476118354553568990e-02
1.028028431397912806e-01
3.084437623762575215e-02
3.691229441810547646e-03
2.637528963610783622e-02
4.929039416546480284e-02
1.323135576415955805e-01
1.431652247639945974e-01
1.355977755256583539e-01
1.229188124181401776e-01
8.740714196327958874e-02
1.460243760444267791e-01
1.278346412302177604e-01
1.051433426498368656e-01
9.908606796432523067e-02
1.086849543108566046e-01
9.288166454560280172e-02
9.484021067248588066e-02
1.341666071184100103e-03
