1.979201198288019441e+03
1.597351125219202004e+03
1.638659948233961359e+03
1.618740304927190891e+03
1.620417474153254943e+03
1.631528460487424127e+03
1.624241011231274797e+03
1.625842245018800440e+03
1.619699768173604980e+03
1.624325827782968190e+03
1.618436618071337534e+03
1.616640597091372456e+03
1.615880515980577002e+03
1.614218465415521905e+03
1.609657914546776510e+03
1.608667490478707577e+03
1.606055999000990823e+03
1.603806937773979143e+03
1.603006439890021966e+03
1.604399486287867376e+03
