1.409067484664527683e+03
1.571872077946976788e+03
1.633013357464950332e+03
1.642197080722033888e+03
1.622734511584168786e+03
1.625301852162146588e+03
1.620411194677729782e+03
1.615733116651764249e+03
1.624971586627863871e+03
1.621628057461158960e+03
1.622178011446410437e+03
1.622180222984917009e+03
1.623055434086145624e+03
1.622855664423443841e+03
1.626343558104248132e+03
1.619372983062036383e+03
1.614618087778645076e+03
1.619294700414476893e+03
1.617504530395050097e+03
1.614831927163318142e+03
