1.364547805290986382e+01
1.404287971691748282e+01
1.401314169239586072e+01
1.402543269745417120e+01
1.403053229879266617e+01
1.402537690904289747e+01
1.403268500946465736e+01
1.403642658165655455e+01
1.404215222926660012e+01
1.403952695158322506e+01
1.403886234927460386e+01
1.404804930901397420e+01
1.404665913189199777e+01
1.404732773072038299e+01
1.404826855221639370e+01
1.405279870339654735e+01
1.405261594188404750e+01
1.405500637010577059e+01
1.405612177430776910e+01
1.405810646908875050e+01
