1.560078026917644523e-01
8.999817714456174178e-01
9.021211707410866643e-01
9.040664590323116423e-01
9.015911583309947908e-01
9.021859132271283777e-01
9.014755075491536207e-01
9.003535656746554094e-01
8.988554747179476889e-01
9.009053199156169534e-01
9.003175036973389833e-01
8.998770556664927867e-01
8.999373668701082796e-01
9.006339622178626270e-01
9.011586625635790160e-01
9.000218919892087888e-01
9.000538535587268019e-01
9.000357897378422622e-01
9.014713864842810453e-01
9.009501360143178372e-01
