1.946736737580929688e-01
9.258822467436357284e-01
9.281752812780366124e-01
9.285970688337799039e-01
9.297742270687555655e-01
9.272352551471165771e-01
9.277746719230712813e-01
9.283015690708992240e-01
9.271561201458428103e-01
9.278681509400643623e-01
9.267831766883308786e-01
9.265238380967292242e-01
9.266043548850335654e-01
9.273545338054406395e-01
9.262150089257733532e-01
9.279801566238992105e-01
9.272815895403681008e-01
9.246927715187241992e-01
9.280563829379382401e-01
9.262397532692953073e-01
