1.416558925302890160e+01
1.410827221829213940e+01
1.409215238814694793e+01
1.407465200371499492e+01
1.405463063172988214e+01
1.405736222737266061e+01
1.405446634324224320e+01
1.405468772758222507e+01
1.406481654955719129e+01
1.406515328474768189e+01
1.406532000020921203e+01
1.406261268762982830e+01
1.406483947509816623e+01
1.406505055633366297e+01
1.406148648224229269e+01
1.405788736097761671e+01
1.405510297066425451e+01
1.405303104449207829e+01
1.405493838596300549e+01
1.405952487872257173e+01
