1.956981472939461342e-01
9.260099156523411423e-01
9.276058012063249647e-01
9.276744885165500998e-01
9.284696062722245236e-01
9.279648719657537237e-01
9.276896867216747333e-01
9.269402633296776051e-01
9.252899379639224486e-01
9.281241891534349753e-01
9.279085685837755726e-01
9.273038497807328806e-01
9.271605646066025663e-01
9.271622716512447626e-01
9.273331473999623098e-01
9.270016000191459993e-01
9.270790951092494625e-01
9.263315528058716497e-01
9.257241119334842505e-01
9.264471353743322091e-01
