1.621277264433864107e-01
8.801749502599894859e-01
8.958186382894480770e-01
8.991571420099196965e-01
8.978209979294952126e-01
8.994193499538299941e-01
8.988830037591235556e-01
8.998891064097924719e-01
8.968176086421266735e-01
8.967251113298844167e-01
8.963951013903616039e-01
8.966026134987719054e-01
8.984907163165483102e-01
8.988884759832083127e-01
8.974652173333167449e-01
8.986124330840453700e-01
8.980331953733999839e-01
8.977130403597717301e-01
8.968281997792495464e-01
8.978743308451736516e-01
