1.578913477410323341e-01
8.928348060454740498e-01
8.975672341930415188e-01
8.997485702834192578e-01
8.996165522719020702e-01
8.977058155158295083e-01
8.982197505508957569e-01
8.970229132370208802e-01
8.979712262244088361e-01
8.996576567372612798e-01
8.973577593433789135e-01
8.967796223019536273e-01
8.997879664672991940e-01
8.989452323075136642e-01
9.011006080243216809e-01
8.988480036831936193e-01
8.984641301282216830e-01
9.006793692434474918e-01
9.006620107464010649e-01
9.008419375559495457e-01
