9.734044008596454784e-04
4.881198427904965371e-04
3.390799124407020389e-04
2.040043076814189622e-03
4.532091798711818283e-03
2.707268886839366007e-02
3.156423689398277221e-01
1.870614689318651214e-01
3.284955883275314514e-01
4.287170442600256592e-01
1.249748322570085751e-01
2.251581223680119426e-01
1.244631330122602103e-01
2.990036790001109335e-01
4.823992177617940080e-01
2.057127479635177392e-01
1.597816978423753920e-01
4.152785592468305476e-01
4.825595796409063443e-01
2.813346007087166312e-01
