5.328355381982023166e-03
2.262574608527886336e-03
9.444818798330539486e-03
2.062297717751231454e-02
8.425793536539995243e-02
4.922153467534109428e-01
5.565928317489253763e-01
6.860139409184485837e-01
5.634141901472614622e-01
7.024315219174526170e-01
7.317736439932808201e-01
7.593520722355396879e-01
7.415686431432015890e-01
7.614620574379904472e-01
7.152303458938071845e-01
6.764543181733522204e-01
7.298517106744414340e-01
7.265216396774482055e-01
7.316983622900516959e-01
7.383019367316072668e-01
