3.988391491827854361e-04
1.751879453540986474e-04
3.209772895433553753e-03
2.632145287091802385e-03
2.214407442583117905e-02
7.670134879554066365e-02
3.602023373104685233e-01
7.449420530930861428e-02
2.311769679760335983e-01
2.472865238598197513e-01
2.419102364750849721e-01
4.383548671053247303e-01
1.477350413442752863e-01
4.868909002007696940e-01
3.855616540835647421e-01
4.658720806494051625e-01
2.970848415834502210e-01
3.131875768689918460e-01
2.927756430907975105e-01
4.349219274090664888e-01
