5.566951402519317678e-04
2.261619811746240407e-03
4.873346674891941566e-03
7.357132228526261017e-03
1.720061079718103588e-04
1.776065119401580377e-04
2.881087483888423173e-01
6.536902039530210207e-01
7.489017115411279457e-01
6.871507934220217884e-01
7.668708098850210986e-01
3.362639329699883446e-03
6.138692498352888993e-01
7.141545292460756977e-01
7.669982681327870422e-01
7.409313070583153360e-01
7.120230039232110508e-01
7.827995515693149109e-01
7.527964099519546259e-01
7.136192337535475216e-01
