7.669793108763418786e+03
1.670054337412875248e+04
7.878473743474272487e+04
7.775821960039644910e+04
9.236216620999868610e+04
1.001522752453469438e+05
1.036340650131149159e+05
1.044198912344869605e+05
1.053233309759624099e+05
1.058379963667052216e+05
1.063888429968440178e+05
1.064525762046615710e+05
1.065419588540047553e+05
1.067518869093032990e+05
1.070127323432082194e+05
1.072908013173599029e+05
1.073992974240532785e+05
1.075612477750512189e+05
1.077687782063054183e+05
1.080554653794393525e+05
