1.199177446415141458e+04
1.407459467734742975e+04
5.008345757489205425e+04
8.047841197889226896e+04
9.524601508607431606e+04
1.029076645627771650e+05
1.050902855427716131e+05
1.059548825491062453e+05
1.059763468414210220e+05
1.060761266224451101e+05
1.063575770611156477e+05
1.065959078185607505e+05
1.072737504229957267e+05
1.074252179169548181e+05
1.075080594369467726e+05
1.076317890386803629e+05
1.077157800622257200e+05
1.077544177616779780e+05
1.077905289369605161e+05
1.080254503113145620e+05
