1.912669748310887518e-03
1.689172443441460270e-03
8.159887440171955525e-03
1.729970205597601215e-02
8.324035195116639974e-02
4.670957447569937804e-01
6.376449628674961678e-01
7.344432920239476470e-01
7.571627209893290189e-01
7.017627004953085335e-01
6.894640730583488919e-01
7.581825814873027758e-01
6.949273888282735401e-01
7.389206755337794919e-01
7.708468234067876734e-01
1.222152982317988162e-01
6.803827158889010907e-01
5.877267861402208915e-01
7.367764932009924772e-01
7.773929702517650142e-01
