1.252518995687125971e+04
6.631653821857804724e+04
9.023662227783655908e+03
7.619594499536561489e+04
8.539766847354313359e+04
1.015217103057049389e+05
1.026475029116831429e+05
1.039373449872396450e+05
1.050353662655100343e+05
1.057155152244433411e+05
1.062287024159902212e+05
1.064724591326911177e+05
1.066452000007834285e+05
1.070732554328672122e+05
1.074122057385998924e+05
1.074768120461275830e+05
1.074459920042377198e+05
1.073983051651771384e+05
1.074284320090065594e+05
1.076532601130735711e+05
