1.259481935898711345e+04
1.094200215885309808e+04
4.526006711989399628e+04
9.314225341515878972e+04
1.105849100785675109e+05
9.873400484094079002e+04
1.042981792237589107e+05
1.053349982367544726e+05
1.056830915337725164e+05
1.059479152257813694e+05
1.063405089648439753e+05
1.064196645395698579e+05
1.068860381444239465e+05
1.070566158849633503e+05
1.074856646097490011e+05
1.075710952941258729e+05
1.077112365721865062e+05
1.077507297880446276e+05
1.077234467711104808e+05
1.078067590295007540e+05
