1.044751914138857506e-03
1.765817249480770845e-02
2.570406327180755918e-03
2.125947917747676892e-03
1.693422596869392652e-03
1.886741610171168738e-03
1.742564590638220673e-03
1.741574567620940558e-03
1.365003215768806301e-03
1.679898762732094479e-03
1.565695057135578364e-03
1.455032121362468886e-03
1.741058511761631091e-03
1.643472810951362257e-03
1.410200429185416498e-03
1.484833021009778192e-03
1.728685243634550889e-03
1.635928697469945115e-03
1.605424658611763261e-03
1.615648666904016513e-03
