3.488687782806759166e-04
6.354056483455194351e-04
9.406057461795985352e-04
5.903974246024325245e-03
5.200476181869240905e-02
4.088051775597306148e-01
7.473191825158809198e-01
7.594863192153237241e-01
7.567109260181454911e-01
7.589548221036578335e-01
7.670060175811730385e-01
7.626637511231566524e-01
7.628130048496558624e-01
7.607919880868746487e-01
7.646598541321542042e-01
7.667213474022792630e-01
7.620036464455333114e-01
7.702223792706024419e-01
7.643542298407454139e-01
7.672225004230907031e-01
