5.071231938308255747e+06
3.662985169828376919e+07
1.579279514934876561e+08
2.567850749094634354e+08
5.669404959943799973e+08
5.425263465258427858e+08
5.437322523007583618e+08
5.457801388496762514e+08
5.462457238669830561e+08
5.458527702734675407e+08
5.459464648262155056e+08
5.463242411236108541e+08
5.469984999424583912e+08
5.466108123335468769e+08
5.463405641417323351e+08
5.465525436205966473e+08
5.473908993942613602e+08
5.478287151217830181e+08
5.477971963432240486e+08
5.475375580631980896e+08
