1.053864043034754612e-04
1.369025241457778310e-04
4.091740938819189016e-03
1.269101284889158701e-02
2.869692510425337836e-02
3.042637320396261447e-01
7.487371912880061986e-01
7.629854120328664058e-01
7.714603057249814766e-01
7.574254669285767072e-01
7.591078487284858012e-01
7.639570174037332295e-01
7.632982631599208867e-01
7.687282265614595600e-01
7.632803386183553140e-01
7.590709596310898366e-01
7.644313532384855447e-01
7.600971697237037805e-01
7.622864932372709346e-01
7.650671685169092573e-01
