7.770805132772758603e+06
4.303755272534257919e+07
3.329625512407517433e+07
2.457999081658921838e+08
3.582258154770570397e+08
4.723504456692447662e+08
5.214807227408626080e+08
5.365325503761759996e+08
5.394594030709397793e+08
5.404398060125738382e+08
5.421164121717865467e+08
5.423965116245341301e+08
5.420086374946354628e+08
5.432672856547453403e+08
5.435912435844129324e+08
5.442378034008321762e+08
5.440738114066463709e+08
5.441192043055480719e+08
5.443135199906029701e+08
5.444633784099107981e+08
