2.464015212803940006e-04
1.025325895299378741e-04
1.477748706771215583e-04
5.314887167511679568e-04
3.224950393273469211e-03
1.963422381719821461e-02
3.781405385345945058e-01
6.935358033747455186e-01
7.082992694846956816e-01
7.075145632759421988e-01
7.119565474952276318e-01
7.209454588510448847e-01
7.126656462442362283e-01
7.112526556210367890e-01
7.114181185993007084e-01
7.117774109721588527e-01
7.089725199502637798e-01
7.109301368686939959e-01
7.093043945652299787e-01
7.069354292086216240e-01
