2.438379652233848107e-04
8.087715234525587630e-04
4.595700508138474529e-04
5.163521661595599395e-04
5.250380118291024349e-03
3.965990078871247174e-03
4.201822979838125693e-01
7.021034604723707107e-01
7.091117842449846664e-01
7.084031421507500648e-01
7.097395963455633838e-01
7.140658929788908926e-01
7.068945669323141168e-01
7.117325558228947413e-01
7.091009599622873916e-01
7.108792067741622756e-01
7.066841430062945628e-01
7.087421004915656075e-01
7.104770726202468412e-01
7.120592965091627757e-01
