1.432076198302945525e-04
4.393188587475311581e-04
3.022410560411060228e-04
7.019995022427621620e-04
2.039478718193491174e-03
9.018017740808879218e-03
3.853368181693175298e-01
6.941618892900072169e-01
7.069828660677873744e-01
7.078113141733053393e-01
7.116438623112834039e-01
7.069101541101079356e-01
7.066732150467592843e-01
7.123508897295696141e-01
7.069360500527823721e-01
7.079027050525673603e-01
7.154257625711004653e-01
7.158654098585491843e-01
7.130784982967929286e-01
7.076043580226240026e-01
