2.035878866996997767e-04
2.134016728834862606e-04
4.592923253564571958e-04
8.113444273814506696e-03
4.839628468069675366e-03
2.240056858768104120e-01
6.698197178994338419e-01
7.007126602177240482e-01
7.097455153954729257e-01
7.071050844266094648e-01
7.146938588889326649e-01
7.056537307454111563e-01
7.145560587594806945e-01
7.081441177534640863e-01
7.135726437303548941e-01
7.146543766519058982e-01
7.093457074292515152e-01
7.127903254239825737e-01
7.057785627355146474e-01
7.105191408696031052e-01
