3.232262614435800171e+10
1.142854140210046433e+06
5.095136205852059126e+08
2.771090741708572507e+08
5.592920310970773697e+08
5.304121621784324646e+08
5.386164838265359402e+08
5.405915071505378485e+08
5.415542202779632807e+08
5.423830532195745707e+08
5.431981793778362274e+08
5.434199594381721020e+08
5.436247662576019764e+08
5.437618520627028942e+08
5.442216433679455519e+08
5.442865396746039391e+08
5.447716523380916119e+08
5.444998504955333471e+08
5.448798832849259377e+08
5.449971042328137159e+08
