3.388226212410889700e-04
2.873609840690241439e-04
1.305029439683422460e-04
1.630959359717062908e-04
9.073557361229708795e-03
4.679485623013413670e-02
2.629993466293411020e-01
6.891728122331371997e-01
7.580099677019103144e-01
7.585554942500799536e-01
7.631831962679592740e-01
7.638498855680109223e-01
7.644075430480253841e-01
7.617850454217498513e-01
7.633906252438920070e-01
7.653007067764647786e-01
7.651503384486126880e-01
7.665848500452732139e-01
7.657179416632323710e-01
7.616458487928169374e-01
