1.858645661816868411e-01
9.992659891828551411e-01
9.998743625504007415e-01
9.999587600288021294e-01
9.999719011523102719e-01
9.999876309681949849e-01
9.999793886521475272e-01
9.999807608125617087e-01
9.999817938956816477e-01
9.999879187659334034e-01
9.999838995246608242e-01
9.999847824123455631e-01
9.999836713588362569e-01
9.999875202596617552e-01
9.999907774018604867e-01
9.999923045520829890e-01
9.999941117534317803e-01
9.999922940406699157e-01
9.999907735658426500e-01
9.999919599468698461e-01
