1.875333099929515912e-01
9.992932468758000120e-01
9.999612674602768037e-01
9.999594409586878285e-01
9.999627616296384858e-01
9.999764075676842445e-01
9.999880284924848040e-01
9.999869754698859081e-01
9.999867547210290475e-01
9.999926549335518278e-01
9.999865872210700335e-01
9.999813287662128181e-01
9.999789201157102125e-01
9.999853317685553078e-01
9.999833192361048395e-01
9.999814059317374548e-01
9.999881963553863828e-01
9.999845816991054237e-01
9.999859170918901086e-01
9.999883854822542162e-01
