1.428184577485907347e+01
1.399263897070150442e+01
1.401003402834122546e+01
1.403109407695527722e+01
1.404298936934028497e+01
1.404505850510329878e+01
1.404953490088137436e+01
1.405143009154951805e+01
1.404869596078927252e+01
1.404782898534906010e+01
1.404851884009143781e+01
1.404697453389850281e+01
1.404836569183564166e+01
1.405162394436700701e+01
1.405077005166358539e+01
1.404930647457028670e+01
1.404845944746471709e+01
1.404977639953097679e+01
1.405048234694887022e+01
1.405093161809392299e+01
