1.418060404441412459e+01
1.401323976018269057e+01
1.403007113144867546e+01
1.402684935942761690e+01
1.403308276581676495e+01
1.403459979541792180e+01
1.403782024377107618e+01
1.403731503580230111e+01
1.404038023899169119e+01
1.403983950790339996e+01
1.404123834577968566e+01
1.404400678713112782e+01
1.404570203050158561e+01
1.404658961292985886e+01
1.404531869274024203e+01
1.404699654924517027e+01
1.404882452488229916e+01
1.404970487321243766e+01
1.404954052522105101e+01
1.405051997312171075e+01
