1.867232658884805108e-01
9.997194747779906132e-01
9.998583249409056517e-01
9.999205984829956373e-01
9.999389791229209568e-01
9.999251356268278323e-01
9.999762092615996911e-01
9.999719239261977144e-01
9.999677271416383961e-01
9.999716694666833661e-01
9.999783455262560850e-01
9.999790167229323234e-01
9.999812924841310346e-01
9.999891868747476931e-01
9.999887098450604972e-01
9.999862376722884472e-01
9.999874855120605144e-01
9.999871333816197083e-01
9.999873864659567513e-01
9.999822597882470632e-01
