2.234042200243670506e-01
9.997892536761636695e-01
9.998936531430416830e-01
9.999403994526309125e-01
9.999542026777111792e-01
9.999437845383897239e-01
9.999821515548181772e-01
9.999789307354322032e-01
9.999757980769892196e-01
9.999787605612653341e-01
9.999837565252935878e-01
9.999842630604917071e-01
9.999859640192457766e-01
9.999918878749791684e-01
9.999915281229206920e-01
9.999896727825123843e-01
9.999906098543713817e-01
9.999903459952864671e-01
9.999905375226554316e-01
9.999866879110641538e-01
