2.287529762066473904e-01
9.988377939676348349e-01
9.998485876809227735e-01
9.999537418081753115e-01
9.999659111917601484e-01
9.999715422373037788e-01
9.999644062187593718e-01
9.999774953469119376e-01
9.999806913903238614e-01
9.999742105426955296e-01
9.999805861486792402e-01
9.999810739871406451e-01
9.999851206707539575e-01
9.999855099994826579e-01
9.999840990327221180e-01
9.999773225900222551e-01
9.999809663426700856e-01
9.999818282304181460e-01
9.999882885914230801e-01
9.999915923835152043e-01
