1.414239891645489777e+01
1.405755558525212479e+01
1.405777020260758903e+01
1.405924983037249731e+01
1.405309934188614562e+01
1.405500806714881179e+01
1.405312567675390945e+01
1.405120903200383786e+01
1.405021840132916466e+01
1.404862850352177617e+01
1.404868062080616653e+01
1.404777474953263727e+01
1.404874116203954415e+01
1.405063540321526361e+01
1.405086547089787175e+01
1.405013836950189443e+01
1.405035776389909508e+01
1.404998140544264018e+01
1.405055577359754615e+01
1.405009852210665855e+01
