1.839818706180464669e-01
9.980517940855753167e-01
9.997533324327855242e-01
9.998984292667195684e-01
9.998849979247983466e-01
9.999115603853112599e-01
9.999008391464995205e-01
9.999283086833551382e-01
9.999450970861367693e-01
9.999596637512415676e-01
9.999686904179730940e-01
9.999676705226897555e-01
9.999759275343865772e-01
9.999745113806539631e-01
9.999793613799198289e-01
9.999812096655987803e-01
9.999853266785789785e-01
9.999827686250936098e-01
9.999818619316352963e-01
9.999848694458557397e-01
