1.169953629898321662e-01
9.140798531583130826e-01
9.139196859455970268e-01
9.179591887465325950e-01
9.156422555294446708e-01
9.159752842302545384e-01
9.146358857395988640e-01
9.148997398644644896e-01
9.175038261814454366e-01
9.163789904432187994e-01
9.123013647811125670e-01
9.170433855543075330e-01
9.163794023271985001e-01
9.137853990217329470e-01
9.143990361780168774e-01
9.183939572722067402e-01
9.167019436562485746e-01
9.159986977729542845e-01
9.149348067767995030e-01
9.151310593329261556e-01
