1.441957752976948903e+01
1.398737348425978233e+01
1.403188095413981706e+01
1.402530760802155996e+01
1.403503820221818366e+01
1.406485467772237463e+01
1.405383465777404162e+01
1.404971630985601827e+01
1.404974118965703056e+01
1.404767198863378574e+01
1.404597098634978281e+01
1.405187575258804067e+01
1.405306098207293353e+01
1.405355064783390517e+01
1.405528381227433599e+01
1.405594262082913737e+01
1.405852452541632402e+01
1.405477220058162757e+01
1.405960293407192907e+01
1.405789078653917201e+01
