1.172113087643019552e-01
9.125159705196568272e-01
9.119059707472790821e-01
9.183809946988987782e-01
9.104943420206839111e-01
9.164661147568320398e-01
9.144445753264969223e-01
9.147974179683210361e-01
9.187890376324976405e-01
9.173278213616992138e-01
9.127392232068641809e-01
9.176465966446176736e-01
9.167690669523385072e-01
9.197112305323044135e-01
9.179322091590033095e-01
9.133527476621940977e-01
9.174620967560471740e-01
9.131322364605990449e-01
9.179421939331252611e-01
9.177842363171674345e-01
