9.471488892564090822e-02
9.030721700230284199e-01
9.027362196305955822e-01
9.004923458034462813e-01
9.010932391841099953e-01
9.038986809752068696e-01
8.996319756409585366e-01
9.043240224514716985e-01
9.022434325806937272e-01
9.022253667631346952e-01
9.010077773620729369e-01
8.986915071488210671e-01
9.037334797684484222e-01
8.975542962543375802e-01
9.017628665914588781e-01
8.996791016162377641e-01
8.995656630644848217e-01
9.017985381610370554e-01
9.005246673402831359e-01
9.011243253293500510e-01
