1.370469671018018332e+01
1.401827614833712587e+01
1.406368196210775778e+01
1.408894810303088185e+01
1.409886914909869127e+01
1.409923304882802597e+01
1.410679516893535812e+01
1.408604438280274884e+01
1.408317733595537646e+01
1.408300859136687322e+01
1.407479999108336699e+01
1.407348515901655439e+01
1.407267281378051216e+01
1.406321455042854396e+01
1.406858203176437527e+01
1.406740427846116859e+01
1.406517558688218195e+01
1.406826148499305695e+01
1.406332087852933554e+01
1.405609708391168589e+01
