9.494640140885485247e-02
8.992437298758737541e-01
8.989469198986222986e-01
8.992720359615010706e-01
9.016267176491474800e-01
9.007350863122941531e-01
9.015219486590769771e-01
9.016817727089064816e-01
9.026579118961212123e-01
8.994376109819148812e-01
9.024131654736983199e-01
9.033197556123023775e-01
9.002382165309033013e-01
9.023748208831595674e-01
9.042965819111654646e-01
9.012397759654261487e-01
9.024341450876034454e-01
9.037129668867303067e-01
9.020506171213960034e-01
8.992655675346997723e-01
