2.938397751817060574e-02
9.868153253145809378e-01
9.993269772493348357e-01
9.997251163848573929e-01
9.997447824592009535e-01
9.998509396875011612e-01
9.998425344000426707e-01
9.998786060959086175e-01
9.999036288307602272e-01
9.999052235972449854e-01
9.999036340313703919e-01
9.998825484929686480e-01
9.998804353231317554e-01
9.999067969724374505e-01
9.999122335230200553e-01
9.999084486284257611e-01
9.999153233969994004e-01
9.999317203865106807e-01
9.999380406873672467e-01
9.999457711606767329e-01
