3.202510827000055321e-02
9.835970119456881600e-01
9.992476827220271307e-01
9.997005366975300067e-01
9.998142626801660438e-01
9.998434456203586507e-01
9.998435825560116896e-01
9.998055542556454345e-01
9.998486954158798401e-01
9.998863377871994862e-01
9.998799958610731231e-01
9.998554735454442399e-01
9.998487136323968016e-01
9.998721802961906269e-01
9.998688775312030153e-01
9.998763528189508198e-01
9.998862571651776499e-01
9.998859285661571006e-01
9.998963596267776976e-01
9.999033597167270582e-01
