2.858916335376285658e-02
9.954295604933252051e-01
9.994140169526732898e-01
9.997593519206839918e-01
9.997301040561968888e-01
9.997712417493853643e-01
9.997871302903622581e-01
9.998233958438578206e-01
9.999193251255532600e-01
9.999216092145638557e-01
9.999213221466786150e-01
9.999164101352826517e-01
9.999178224912861346e-01
9.999312070410141251e-01
9.999287822423251759e-01
9.999216921918738787e-01
9.999292172321623262e-01
9.999319362846956771e-01
9.999379121922168379e-01
9.999365913471842671e-01
