2.748217737265450447e-02
9.767053969626219301e-01
9.993812161935895499e-01
9.995972570960124370e-01
9.997081742349507305e-01
9.997353907411782314e-01
9.996930823352921935e-01
9.998027821935917547e-01
9.998554046715270038e-01
9.998660858854184763e-01
9.998891825725449989e-01
9.998882982016606968e-01
9.999070832786052243e-01
9.999075529002623419e-01
9.999364418092229201e-01
9.999325336491938776e-01
9.999203282594979481e-01
9.999198387280552325e-01
9.999264762722529509e-01
9.999044071514440191e-01
