1.371352850420553864e+02
1.401250531381582221e+02
1.406887415369572238e+02
1.407089181368019126e+02
1.408372248860091815e+02
1.408581298130646644e+02
1.408690146900578952e+02
1.408799237271237246e+02
1.409153848169956404e+02
1.409259903414015298e+02
1.409019388483792454e+02
1.409049406523336359e+02
1.409185703151426878e+02
1.409547831977358214e+02
1.409422866022921141e+02
1.409542516454545193e+02
1.409614024012485913e+02
1.409610989481449224e+02
1.409605582031960296e+02
1.409625931172920446e+02
