1.217786664150584570e-02
9.754854050255046261e-01
9.992075113179853529e-01
9.991806932068743041e-01
9.994371175624133796e-01
9.996335415944602731e-01
9.996944654224326765e-01
9.997622156707822727e-01
9.998231794719152354e-01
9.998447790206385077e-01
9.998661932255665796e-01
9.998591443941335921e-01
9.998844688659256352e-01
9.998883684017930706e-01
9.999098392643304134e-01
9.999298322738676692e-01
9.999432596021011754e-01
9.999490699349959932e-01
9.999558616216791540e-01
9.999505081460966505e-01
