2.081723684338503480e-02
9.705424484333673441e-01
9.985852363595543180e-01
9.989268653984291202e-01
9.994125609826917112e-01
9.995804789380497990e-01
9.997540195018146392e-01
9.997061164584402082e-01
9.997990243554892853e-01
9.998278481793854144e-01
9.998403345861895941e-01
9.998574452817101665e-01
9.998557488861270492e-01
9.998683593416305415e-01
9.998981539289147902e-01
9.999235368223508003e-01
9.999384807695024246e-01
9.999398083333457254e-01
9.999401097367403013e-01
9.999153455887963560e-01
