3.725433322152056767e-04
2.616705656820382184e-02
5.377392607932411916e-01
5.974485615089486501e-01
6.104849304948865019e-01
5.951697269266087442e-01
5.993639749112644743e-01
6.034146996473938040e-01
5.977549204629069024e-01
6.031604729436547130e-01
6.016331197892337279e-01
6.009728731316619221e-01
6.084957270705176891e-01
6.011371216320401389e-01
6.038739550388663169e-01
5.968140733581431823e-01
6.005843259396677070e-01
6.024204745609738065e-01
6.041637220508243589e-01
5.954702739098660658e-01
