2.754925321951588558e+04
2.710605634200842906e+04
3.060247332273524080e+04
3.050322903878987563e+04
3.071310980442744403e+04
3.086376529527368621e+04
3.092783366916190425e+04
3.089209588258045187e+04
3.088918248672803747e+04
3.089736639866534824e+04
3.091910288317068989e+04
3.095750631819098635e+04
3.098905187835485413e+04
3.101470889419366358e+04
3.100914542698719742e+04
3.101396832982397609e+04
3.100581003406269883e+04
3.097905388945873710e+04
3.099995360604579764e+04
3.100264737179910298e+04
