1.136236005815980180e-03
3.684274840857286980e-03
3.949148557389218217e-01
5.933516940551478713e-01
5.954338533921788024e-01
6.024502042874071428e-01
5.987560943797426427e-01
5.973783719043338492e-01
5.971736499664038744e-01
6.043621050350912460e-01
6.031651450095680822e-01
5.994108145602087268e-01
6.088246989964674061e-01
5.973963267476243288e-01
6.020538723911191825e-01
5.958208386263461609e-01
6.022595853013991141e-01
6.000904731175988882e-01
6.029367707421942058e-01
5.998105761313780038e-01
