1.573583105397008321e-03
5.815552753372024014e-02
5.972235229836436732e-01
6.480208209106572692e-01
6.504349352962662811e-01
6.473356290255211087e-01
6.524706356806536656e-01
6.581548653116684466e-01
6.452920666869290667e-01
6.482232534925917999e-01
6.463426875481707023e-01
6.533077611443206534e-01
6.501209013997182318e-01
6.531184159873724138e-01
6.436229838166940276e-01
6.559253508350303408e-01
6.532894192205149775e-01
6.528703634094685793e-01
6.497857923242192912e-01
6.466242183542258992e-01
