1.847382678380495719e-03
8.376805443592412470e-02
6.028901658182382883e-01
6.426999934226693689e-01
6.491477447573292814e-01
6.541558342212474564e-01
6.491516518931130797e-01
6.464901097655690876e-01
6.496449668355862572e-01
6.487386694373026286e-01
6.456857946634676493e-01
6.495482081320228529e-01
6.540030575009940783e-01
6.488279385326264359e-01
6.427219497483196431e-01
6.480991656558957592e-01
6.507856444190345258e-01
6.510747203195846877e-01
6.512456802812234269e-01
6.524464664156347515e-01
