2.089395634427026744e+04
2.836635371596305413e+04
3.091227752932752628e+04
3.072207753464545021e+04
3.073852728677588311e+04
3.069189298321646493e+04
3.086470645060553579e+04
3.090846915864750190e+04
3.088012111084118806e+04
3.086182111271692702e+04
3.086174012212035450e+04
3.087981132791820710e+04
3.088302236950152292e+04
3.085591221286278596e+04
3.085240656857639260e+04
3.085538030744749267e+04
3.085435221112407817e+04
3.087438326202744429e+04
3.087273562417487119e+04
3.090492070674241404e+04
