2.189471674942644677e+04
2.977487354329993832e+04
3.062323133553529624e+04
3.079091085199580266e+04
3.088906101345921343e+04
3.092785983119234515e+04
3.095853624720807056e+04
3.086077504239710106e+04
3.086587294277219917e+04
3.091962299885508037e+04
3.097848486971660896e+04
3.095598677337839763e+04
3.096837778843559136e+04
3.095241916281703379e+04
3.094573469830602698e+04
3.099198363126869663e+04
3.096594506393146003e+04
3.099710396779053917e+04
3.101123479837340346e+04
3.100489794128946960e+04
