1.335648826386884139e+04
3.178681088099879707e+04
3.066837796792122390e+04
3.068302921200526180e+04
3.075119184653382763e+04
3.085940277301800234e+04
3.087187579985939374e+04
3.087590015834689257e+04
3.089998199292031495e+04
3.093215755408428231e+04
3.095626509243281544e+04
3.094086142231777922e+04
3.096967325663976226e+04
3.096516113666803358e+04
3.096037896313246529e+04
3.094326915568976256e+04
3.096211625587846356e+04
3.096827987070648305e+04
3.097294885396155223e+04
3.098303830271121114e+04
