9.814611890672864320e+03
2.995233532065958207e+04
3.073816326148614462e+04
3.091863137470113725e+04
3.091876986800723171e+04
3.091462337702319928e+04
3.089643502114718285e+04
3.086463548661923414e+04
3.090368288294079684e+04
3.092312865746272655e+04
3.088955479257039042e+04
3.087651722787247127e+04
3.088551549521079869e+04
3.088598963545857259e+04
3.089346049446548568e+04
3.089374340336911700e+04
3.090405365290588452e+04
3.090716622935661871e+04
3.091112879823294134e+04
3.090641767422309567e+04
