2.493907788258261644e+04
2.882776207722135950e+04
3.006812538137588126e+04
3.080337788504670971e+04
3.079849267200545000e+04
3.081975597888058110e+04
3.082064768882773933e+04
3.074580589134003458e+04
3.079301430547066411e+04
3.084414698759809835e+04
3.086835139244609309e+04
3.086756370768449051e+04
3.091999277130611517e+04
3.093145122926327167e+04
3.094190629479549898e+04
3.096123555011910139e+04
3.098400834400442182e+04
3.100525354106324085e+04
3.099819774496287937e+04
3.099665865279820355e+04
