3.342083255803187785e+04
3.006882167227498940e+04
3.061543434641931890e+04
3.082586621994941379e+04
3.108789816892692033e+04
3.107806779443311825e+04
3.103970559418154517e+04
3.105545909239507455e+04
3.104348672716539295e+04
3.099994674087406020e+04
3.100091193749573358e+04
3.101553243447040222e+04
3.100411362776273381e+04
3.101819044127428060e+04
3.101050559842351140e+04
3.099036272840915262e+04
3.100475618015752116e+04
3.100686314761947142e+04
3.098841809040976659e+04
3.098813462395660827e+04
