3.774355414924641591e-03
3.358131325672448764e-01
9.112276668930086032e-01
9.156443355672884143e-01
8.835830574897438616e-01
8.696052331298140814e-01
8.873800682684297447e-01
8.930330067581193632e-01
8.844116033912989838e-01
9.060191076872888827e-01
8.730946171298071823e-01
8.944763802596544799e-01
7.030321789539283328e-01
8.919666171086166884e-01
8.933854048060124731e-01
8.995849382428660057e-01
8.945381946043002852e-01
8.721854470032829321e-01
8.769540151154895380e-01
9.138627731372622742e-01
