1.012323624922505756e-03
1.614032153803426073e-01
8.827485364621272534e-01
8.965824139931983794e-01
9.250152361689385483e-01
8.517873059036065175e-01
9.018620008278090960e-01
9.167573376361426440e-01
8.883083111029277390e-01
9.125009617076202950e-01
8.867191708822025342e-01
9.000416701635413075e-01
9.090423485798146963e-01
9.083129134828133999e-01
7.962513319637646303e-01
8.995174887723189627e-01
8.853304265470332002e-01
7.223775008552817400e-01
9.035072652902889079e-01
8.898585931400454507e-01
