1.302746216121949616e-02
4.885940775925192714e-01
9.506198458294213838e-01
9.592854982307100764e-01
9.540342892093965910e-01
9.525400351317927505e-01
9.500648850600477147e-01
9.470699943938942766e-01
9.477950158586980756e-01
9.545124680665325601e-01
9.563261538442346943e-01
9.589244456771818248e-01
9.582367306948365027e-01
9.564806397639507018e-01
9.323323432641815733e-01
9.560019633286467311e-01
9.543431529690604709e-01
9.564257447857817951e-01
9.528198834484327140e-01
9.570708723846991228e-01
