2.250522377421561941e+03
1.584813621530930959e+03
1.610045558266414901e+03
1.614725041414230191e+03
1.617131550209795250e+03
1.618534403102970828e+03
1.618623795925011109e+03
1.620012227534852400e+03
1.620630455423695821e+03
1.619346935807824366e+03
1.619203606378193626e+03
1.619708977139738181e+03
1.620162892187545367e+03
1.619869778957727931e+03
1.620260328216184917e+03
1.620154625818500563e+03
1.620643858265503695e+03
1.620687128497067079e+03
1.620690396315118733e+03
1.620431138190392176e+03
