1.325987364268140000e-03
2.166643538326988860e-01
8.964208669244406735e-01
8.880658647773720382e-01
9.023401152531238534e-01
9.085816567389669585e-01
8.663511388249535150e-01
9.088040033542745810e-01
9.066785062948100604e-01
8.976199911722814173e-01
9.099551461601890212e-01
8.965410502990979191e-01
9.103616559447953449e-01
8.887209948669521076e-01
8.971570085034463737e-01
9.226856589602454584e-01
9.174653631476955562e-01
9.035158098063069687e-01
8.821544637783794718e-01
8.876007175141189531e-01
