1.711805683364157893e-02
5.056561031171759035e-01
9.475584260960079330e-01
9.556036311327696930e-01
9.464150822489421078e-01
9.567670026880620293e-01
9.523609359705847988e-01
9.585288406211611711e-01
9.508123374709438469e-01
9.567832376095168900e-01
9.499348273333051429e-01
9.490831612409090789e-01
9.541146487339212667e-01
9.565737953086161927e-01
9.553173169676566490e-01
9.205926438375351406e-01
9.548983880497550203e-01
9.566797588117755824e-01
9.476350320257211912e-01
9.569114309756691084e-01
