3.279537090984751321e-03
3.744950176140700582e-01
9.100644672106072974e-01
8.936919795441885528e-01
8.684476949675371538e-01
8.973319441371064853e-01
9.027337055994026915e-01
9.026496498157061676e-01
8.907070135330512617e-01
8.902552444946572052e-01
8.788054247938957841e-01
9.150373917110659061e-01
8.762778186640982625e-01
9.014375552667396319e-01
8.830955092023454744e-01
8.873664022962450826e-01
9.015680324113543032e-01
9.131236119346591851e-01
8.778265881050393293e-01
9.011071141927671224e-01
