8.736556821458244665e-03
2.557094360349077000e-01
8.709849513335378157e-01
8.997544843975977535e-01
8.749231692792862614e-01
8.364157450880548295e-01
8.951275501316282579e-01
8.840373409697684925e-01
7.614791588005538348e-01
9.039411271154522698e-01
8.848109589701710354e-01
8.688679392572005167e-01
9.048927597694567115e-01
9.035964946878206616e-01
8.884447649232843913e-01
9.032804077592314629e-01
8.847065125151135634e-01
9.113227608790870349e-01
9.053739753735828844e-01
8.406194964112934098e-01
