1.121339257089705598e+03
1.658288722581725096e+03
1.624716710689187266e+03
1.620444953654497795e+03
1.622905620743920736e+03
1.623741702858259487e+03
1.623386420148614434e+03
1.624943593984124391e+03
1.624883649750895984e+03
1.625257640263271696e+03
1.624983279714409946e+03
1.625020274703858149e+03
1.624116911481518400e+03
1.624621731748306502e+03
1.624357222080755719e+03
1.624366937394661363e+03
1.624304540338136576e+03
1.624515664252284523e+03
1.624574181177899618e+03
1.624476580769305428e+03
