1.621608051620417601e-01
9.763646466600541807e-01
9.772196146149485507e-01
9.781531117963588873e-01
9.777765764602922571e-01
9.786378159693919221e-01
9.786935756139805154e-01
9.791197889617925254e-01
9.792641576356390098e-01
9.792205025187693535e-01
9.773045471065654466e-01
9.787080401224809156e-01
9.791837455612578678e-01
9.777046864464424836e-01
9.769897818709898374e-01
9.779321119375218307e-01
9.770314137145303945e-01
9.777603324992982792e-01
9.774211917566009156e-01
9.787272827660172814e-01
