1.611580740256809419e-01
9.769033269139858477e-01
9.796996594921222323e-01
9.775988563548546617e-01
9.794432973153717192e-01
9.798236045267245675e-01
9.781949109186970359e-01
9.784499525350599525e-01
9.788185188891442845e-01
9.772336962691221540e-01
9.791814093828683507e-01
9.776712237432599872e-01
9.782723352028772634e-01
9.780877513316990068e-01
9.788069306588810248e-01
9.756765276673338150e-01
9.779791514722782075e-01
9.787515017013191931e-01
9.785476631391609725e-01
9.775665790641626662e-01
