1.987489832461044881e-01
9.828416386535824278e-01
9.828348566127417252e-01
9.824173941948264321e-01
9.825606955887766780e-01
9.828950634530518871e-01
9.821839299470457307e-01
9.830778596487363963e-01
9.816830643951361957e-01
9.830034534452487538e-01
9.832300195835014245e-01
9.824919956632693907e-01
9.835607317317399678e-01
9.824714691330413974e-01
9.840452194185600465e-01
9.828586849359135513e-01
9.831923486825983050e-01
9.828446006079950559e-01
9.826353363054309842e-01
9.845115256761221012e-01
