1.616231718763478653e-01
9.787329187380128248e-01
9.777323735182231745e-01
9.794913542154575214e-01
9.785964847330577143e-01
9.779338455457451396e-01
9.782059794661207563e-01
9.787678645270467825e-01
9.799522524516584010e-01
9.788622492204371861e-01
9.786349589166150054e-01
9.784184108106046551e-01
9.785675662352256721e-01
9.775282925961070735e-01
9.778924558310766457e-01
9.781524762875186685e-01
9.794837675690234446e-01
9.771753895167787363e-01
9.793359769334456510e-01
9.779867670480615338e-01
