1.563381500017415882e-01
9.777060809345196057e-01
9.792950420735080375e-01
9.771582603740804895e-01
9.792920124569044482e-01
9.797418776719188926e-01
9.787005675115244552e-01
9.779388446145643732e-01
9.781719796561405555e-01
9.793166563000142988e-01
9.796866266528390099e-01
9.807174938758415061e-01
9.787848498240917516e-01
9.793024018687879195e-01
9.788685506093011135e-01
9.789244781156755115e-01
9.770318249665208565e-01
9.784927856118557088e-01
9.783643761885661982e-01
9.792940720889133921e-01
