1.670763878260203734e-03
4.151777650742544679e-01
7.857163789664873832e-01
7.836040886782930093e-01
7.814603329000905374e-01
7.838052296297323140e-01
7.830468851349587922e-01
7.853028581737044878e-01
7.852915914187572621e-01
7.823811135444587173e-01
7.876787529570783430e-01
7.858717472391022474e-01
7.847333087353721703e-01
7.815505289910297249e-01
7.820781427054169788e-01
7.818755303546283120e-01
7.845862991869024805e-01
7.865363786922823230e-01
7.843447635819911223e-01
7.819998146230682234e-01
