1.198482015421867622e-03
3.090186607566512422e-01
8.303490436929216179e-01
8.433944586574875224e-01
8.415432884515218204e-01
8.414556601770115662e-01
8.362052612712852495e-01
8.407264126108278113e-01
8.384570006498652806e-01
8.354594425305993388e-01
8.409307358562968515e-01
8.376981816930333391e-01
8.400342895698217349e-01
8.410334610713240400e-01
8.419652142485396507e-01
8.380557661086466270e-01
8.414113072756367329e-01
8.411529152520230701e-01
8.425441990729789499e-01
8.385301335996785399e-01
