6.641484054915573407e-03
5.771964444857002885e-01
8.301736725122744742e-01
8.353382185740308996e-01
8.358462161516407862e-01
8.406364965692401103e-01
8.390919617437777589e-01
8.369952416035251197e-01
8.403025797864106528e-01
8.428434600678192945e-01
8.415838496234639976e-01
8.398197981735657791e-01
8.376973296469165664e-01
8.379981517152137460e-01
8.391970442548488673e-01
8.423103689054044496e-01
8.420379033346979680e-01
8.378452229954146402e-01
8.420202906107208118e-01
8.383867630011944128e-01
