1.099745379842520694e-02
7.485633199910186608e-01
8.404059867866021660e-01
8.407841213752744736e-01
8.410558635346562228e-01
8.399895997399683401e-01
8.393788808923802192e-01
8.403327463011536214e-01
8.421311512127395149e-01
8.377401784652477312e-01
8.399445389120919758e-01
8.443616375225001525e-01
8.417880226309099045e-01
8.418422583075880761e-01
8.418038221680183009e-01
8.385214011736105144e-01
8.397364226315965352e-01
8.404079904208745511e-01
8.395082277418732808e-01
8.420443367946885971e-01
