5.200477443691482217e-03
6.030344701666456864e-01
8.385758773548079859e-01
8.363514114928090049e-01
8.409114865804000472e-01
8.420326764051304647e-01
8.416142736804704816e-01
8.428985767796621786e-01
8.407404916348117929e-01
8.394045312295856931e-01
8.379470371189636779e-01
8.392747166921250557e-01
8.399332428893852009e-01
8.439391125833792806e-01
8.448392631357845017e-01
8.447008109468919779e-01
8.373060367584583830e-01
8.428963662572296345e-01
8.374763889546632534e-01
8.434417444469601843e-01
