1.216708914863508673e-03
3.676746686511343509e-01
7.742019267369938396e-01
7.788714505231089102e-01
7.800645314815799480e-01
7.795783380957330699e-01
7.826716442957319941e-01
7.844729107823906755e-01
7.849943713767775222e-01
7.905520991069932002e-01
7.839348713662062096e-01
7.858178899170215059e-01
7.878168863347074780e-01
7.878276761664441130e-01
7.842707625614997458e-01
7.854206446077282022e-01
7.844709891434608062e-01
7.862870773163342930e-01
7.885136708905922109e-01
7.863778983885956197e-01
