4.963979704122078659e-03
5.778318192153785171e-01
8.339936781141640276e-01
8.367289989550343865e-01
8.369332286490924755e-01
8.424611952914274893e-01
8.371144218426332939e-01
8.378553804877462152e-01
8.408470171291861917e-01
8.368511663255987498e-01
8.382810462148753139e-01
8.417334685797199789e-01
8.418645057857780944e-01
8.347642574828214590e-01
8.379210727121395585e-01
8.418830935813493843e-01
8.416136374223175398e-01
8.392738154375325443e-01
8.388345888246339088e-01
8.356605120896012373e-01
