1.950229861134878621e-03
1.002784310058529998e-01
4.379651994371037693e-01
5.109660496831248677e-01
5.017084743122142143e-01
5.078044492230778806e-01
5.111364646591773919e-01
5.107227870244048784e-01
5.156271573606572289e-01
5.192360479770802284e-01
5.078241229638127407e-01
5.121129773423912512e-01
5.141731660905871637e-01
5.163890861661906140e-01
5.113726507957035983e-01
5.143154357915067365e-01
5.102042729174481872e-01
5.138068490556519929e-01
5.139254654401418376e-01
5.093092300369939096e-01
