6.166942575212523573e-04
2.619135927096422761e-02
3.504223675086112211e-01
4.390757087518632473e-01
4.365327233205208435e-01
4.446821456655254412e-01
4.355798681335164568e-01
4.412913166227208639e-01
4.429899120395485723e-01
4.420573256136502982e-01
4.443594843004172734e-01
4.413628697806353807e-01
4.386497915198890318e-01
4.434534564692861891e-01
4.408202618464103772e-01
4.409747773662345272e-01
4.383285416818303304e-01
4.393845052568623455e-01
4.400603579558763356e-01
4.380995566267404939e-01
