1.265936464630775535e-03
8.091611310433487192e-02
4.008718749788129920e-01
5.037089798406249042e-01
5.093130083140975373e-01
5.185380146013225389e-01
5.157943117886095719e-01
5.108204991528841887e-01
5.094595318594834499e-01
5.116632696943808067e-01
5.153163846826969152e-01
5.128912813610474464e-01
5.124176194464049594e-01
5.108376570381243376e-01
5.142937509636129612e-01
5.107263310362462061e-01
5.148505265534891739e-01
5.169955230877959496e-01
5.129108098288229778e-01
5.133627759791309364e-01
