1.073330883942036698e-03
3.084743630094892095e-02
4.162369783386351552e-01
5.107850260209199078e-01
5.113646500547750495e-01
5.116164008556770559e-01
5.137650575944859854e-01
5.100168186814275639e-01
5.033360121974936874e-01
5.083622490397146088e-01
5.085902284246190952e-01
5.109368417072329693e-01
5.073841151296692997e-01
5.032502107141252345e-01
5.097527534622962042e-01
5.132101422831136794e-01
5.088233650666434960e-01
5.112454812931719328e-01
5.121395843970453221e-01
5.133881395014654458e-01
