5.074934416092734039e+07
6.259719637720256299e+07
1.136975730758105638e+06
1.756455195826454163e+08
1.142089477408386767e+08
2.606117565998702943e+08
5.664325551543886662e+08
5.139036640270321369e+08
5.416576582404227257e+08
5.352337709781957865e+08
5.324502664992743731e+08
5.330741601089360118e+08
5.349271148253561854e+08
5.349915724700293541e+08
5.368787819049342871e+08
5.369497022513828278e+08
5.384293616763505936e+08
5.384215171530917883e+08
5.391974813950102329e+08
5.397053235407167673e+08
