1.709984726373165777e-04
1.413234001850063642e-04
3.152203847627551387e-04
8.232362986984037697e-04
4.456403918465303218e-03
1.830443145337868130e-02
1.877442161290201472e-01
3.782108979591266573e-01
3.899199515944061778e-01
3.954737149210570402e-01
3.978821574002192607e-01
4.030987723329247374e-01
3.957319008710525332e-01
4.000703220253106762e-01
3.993562246290655038e-01
3.912358381738673119e-01
3.966484242597882459e-01
3.986377892231852127e-01
4.017379827527625680e-01
4.087267324452270034e-01
