1.454531100088534877e+06
1.678393353342983127e+08
3.182711592928004637e+07
3.709384593611256480e+08
5.221801974154370427e+08
5.054139359593557119e+08
5.237048175970913768e+08
5.396029856875100136e+08
5.410821337575417757e+08
5.406922846180567741e+08
5.420027910800743103e+08
5.437677404116847515e+08
5.445186520642498732e+08
5.445632839543788433e+08
5.448318381485251188e+08
5.445135890630534887e+08
5.443450285456790924e+08
5.442530979959162474e+08
5.438482897113623619e+08
5.431141495417584181e+08
