3.944434718923424371e+06
2.864638049833499640e+07
1.213565609213074446e+08
2.391830664251840711e+08
6.120663118105505705e+08
5.315865916655027866e+08
5.297313958030900955e+08
5.377903195077103376e+08
5.382678775850390196e+08
5.417144226865383387e+08
5.430197522238688469e+08
5.424551390174721479e+08
5.439502431217702627e+08
5.443307368665081263e+08
5.437536260014678240e+08
5.432917924564627409e+08
5.441298376067752838e+08
5.450321254819622040e+08
5.447044982732044458e+08
5.449321485684444904e+08
