5.273024026851480311e-04
1.260234185134730459e-04
2.450490728389304756e-04
1.128032991631378089e-03
3.152297619802350587e-03
6.121933925929230400e-03
4.129412434374121754e-02
2.783163169781853741e-01
3.777164290332944430e-01
3.899791120775090159e-01
3.953899426909956993e-01
4.024213449069344306e-01
3.979237179726897167e-01
4.003212116972661438e-01
3.989755787473323045e-01
3.967147579361222087e-01
3.992079404318750191e-01
3.985458084136435652e-01
4.031018107676177520e-01
4.054239594227260768e-01
