9.329046458535860777e+08
3.161142500149249681e+05
2.280144575792725384e+07
1.452726143736971021e+08
4.710879946063411981e+07
5.830999168156212568e+08
3.701540339004207253e+08
5.264097801920213699e+08
5.321904216137356162e+08
5.347958242664922476e+08
5.385169907029632330e+08
5.414342323667531013e+08
5.446508996681879759e+08
5.454680867012228966e+08
5.462819928272565603e+08
5.458198074243010283e+08
5.461342779047429562e+08
5.460303501445266008e+08
5.450881639163980484e+08
5.463283387279803753e+08
