3.219551313452051824e-04
1.099300608735316381e-04
2.138792825332803168e-04
5.322469953940111393e-04
1.318924684629433188e-03
1.604441690772468159e-03
1.475190206746825744e-02
1.745945367561868855e-01
3.087789335613429498e-01
3.288363422310893180e-01
3.360768034231025880e-01
3.427131959788485283e-01
3.387242186424054280e-01
3.415061003385517768e-01
3.400604243846571673e-01
3.400443865336184035e-01
3.412803215584038763e-01
3.400617329307930592e-01
3.454215902373879432e-01
3.475123619065410563e-01
