6.128957530786593479e-04
2.318922056656960544e-03
2.967170868625485219e-03
4.458175847351899569e-03
2.013050283228082649e-03
4.685392163119133681e-03
4.526376334229068391e-03
2.149219346857575152e-01
8.120760463006672092e-01
9.741667212428881673e-01
9.867253270999256642e-01
9.915347345500504783e-01
9.936315055319631107e-01
9.949110849769722265e-01
9.956998635038013523e-01
9.963789450145851267e-01
9.967185854967250958e-01
9.971191001911992036e-01
9.974182033423065752e-01
9.975996419032152618e-01
