1.483535907422799349e+09
9.510398245462467894e+06
1.339013095899614096e+08
8.717288862832063437e+07
3.576187460788021088e+08
1.826705704322814941e+09
2.873168989830718994e+09
2.257947881640977383e+09
4.048055759015825748e+09
4.528749074618274689e+09
4.618657870970566750e+09
4.666330296368440628e+09
4.685583527368807793e+09
4.702226388213421822e+09
4.712854595729220390e+09
4.720200704834959030e+09
4.721453102005011559e+09
4.723758429634140015e+09
4.727646840722514153e+09
4.732428084723435402e+09
