7.911428422232921883e-04
1.371365768241581773e-04
6.964404553518788524e-03
1.109770403584922583e-03
1.405376801656052152e-03
3.160245054347258467e-04
2.270916134904651734e-04
1.716697076563563316e-03
1.223445871119256331e-02
3.460452191088563278e-01
8.969644203483280176e-01
9.811082955205829848e-01
9.899502083588522794e-01
9.927554159884578455e-01
9.948325695713243766e-01
9.959846759004947758e-01
9.965176935609059150e-01
9.969563934217695600e-01
9.974193301060688688e-01
9.975448589120420317e-01
