1.469469552587536275e+08
6.768014405346379615e+06
9.919988389418005943e+07
1.526912976185188770e+09
2.797064909645509124e+08
2.367775890633505344e+09
4.220075682264375210e+09
4.147586084058613300e+09
4.547434497821185112e+09
4.635362688864664078e+09
4.659414698633481979e+09
4.679147910595096588e+09
4.693084935645101547e+09
4.706011626773699760e+09
4.711281383244476318e+09
4.718533576526667595e+09
4.721989031483808517e+09
4.722971330981331825e+09
4.726993648544139862e+09
4.730339218685525894e+09
