1.690744050508066416e+08
8.251950964847137220e+06
7.566553337591401100e+09
9.115426244114165008e+07
7.989974301685289145e+08
4.413373407297063828e+09
3.691205148917209148e+09
4.429055416103269577e+09
4.576150125632470131e+09
4.619952031249917030e+09
4.667365195495285988e+09
4.684228260883803368e+09
4.698977830809665680e+09
4.708704831297793388e+09
4.712373008330689430e+09
4.717889982175901413e+09
4.720579851446714401e+09
4.724103355699391365e+09
4.725972667907613754e+09
4.728520444969561577e+09
