1.721939099287640739e-04
7.836209849556198407e-04
2.445329719675212211e-04
2.472479539645062660e-04
1.992591748629297433e-04
2.138034827256862053e-04
3.050643968566263235e-03
1.052381430010780085e-02
1.211173404896992295e-01
7.474512373804220733e-01
9.554020160989338262e-01
9.783438244415758600e-01
9.840550682981168418e-01
9.876844169594030109e-01
9.908894090752654593e-01
9.923923227887461174e-01
9.935615330087803621e-01
9.942584147932211902e-01
9.948009065660406991e-01
9.953371362581507897e-01
