2.744349174189118952e-03
1.229406927500436078e-02
6.509044467964926195e-01
9.798133219900144741e-01
9.904266217217193580e-01
9.936526758661765601e-01
9.941000530944255065e-01
9.954179928045174819e-01
9.959951439906721271e-01
9.964444878805889250e-01
9.970115801311751902e-01
9.972978905029781238e-01
9.976236852290351065e-01
9.977692921541265747e-01
9.977857300230691395e-01
9.978299020937358987e-01
9.980405049398886064e-01
9.980412079368360390e-01
9.982834425968800662e-01
9.983565593331535926e-01
