9.446564514142293483e+05
2.625343110073178541e+06
2.664348068497863133e+06
2.680375892833328340e+06
2.698809831633294467e+06
2.701688600063618273e+06
2.703538867460710928e+06
2.705781698037650436e+06
2.708256167556325439e+06
2.710335466234318912e+06
2.711229806094466243e+06
2.712077172627826221e+06
2.713248374031790998e+06
2.713420286594292149e+06
2.713950558335522190e+06
2.714185925536929630e+06
2.713930780130027793e+06
2.714390764371823054e+06
2.714294846123228781e+06
2.714347127781839576e+06
