2.312439218045990235e-04
3.066326965403903490e-04
1.801276608095030499e-02
4.586964951156012882e-01
9.689030597493795138e-01
9.891893928958068738e-01
9.929033621115592734e-01
9.934775909265182170e-01
9.949802775588645343e-01
9.955100315305943637e-01
9.958739342994410437e-01
9.960448425605604728e-01
9.966868062054831112e-01
9.971149453422644138e-01
9.972770089057305665e-01
9.975904188070477963e-01
9.975997054325972391e-01
9.977861155228827661e-01
9.979962877644914521e-01
9.980415246418800068e-01
