9.155841041070785294e-04
4.731595885954417149e-04
1.184276821447310113e-01
9.270166081904552824e-01
9.804892325480325521e-01
9.909053179023820102e-01
9.933587363664807546e-01
9.937029130402136312e-01
9.953085740475242638e-01
9.961212651013960917e-01
9.968654185460051886e-01
9.971329738701024681e-01
9.974843885333154470e-01
9.976982518733954475e-01
9.978370324508676337e-01
9.978350737628082223e-01
9.980000324652638088e-01
9.982616247319414660e-01
9.982553589468967647e-01
9.983995322645362602e-01
