7.475787422780511352e-04
1.128727775653902421e-02
6.343258933268633992e-01
9.772979562733541403e-01
9.882818040647644020e-01
9.927261818602841625e-01
9.944255864220608032e-01
9.954860755771109959e-01
9.962729438885664646e-01
9.968531310033974524e-01
9.969973854244778000e-01
9.972124324216650182e-01
9.975370978059094895e-01
9.977027903398177910e-01
9.978124446018734606e-01
9.978770956621638710e-01
9.979865000935504993e-01
9.978922989138991895e-01
9.980466188803770455e-01
9.982434567487200594e-01
