1.226117428026248001e-03
1.638838083082241534e-02
5.870031988751727159e-01
9.739242189567042240e-01
9.922402213035204088e-01
9.940163084497799506e-01
9.949905020978300207e-01
9.952478509120605832e-01
9.960180791278204770e-01
9.964083735504264405e-01
9.970258614424638566e-01
9.972434891469252882e-01
9.973342702453396047e-01
9.975785395690802693e-01
9.977988578516333584e-01
9.979909253704993821e-01
9.982030353798524436e-01
9.982421498174903762e-01
9.983083591788909361e-01
9.984549045605574102e-01
