1.514485152267480185e-03
3.490963569036297648e-02
7.833783621331142921e-01
9.799581732385599375e-01
9.891790836561739075e-01
9.928810291647632846e-01
9.945737283570519338e-01
9.953884029288337931e-01
9.961195697752360800e-01
9.967033079817304575e-01
9.971193169894415620e-01
9.972422449470896844e-01
9.974525052621102672e-01
9.977510527217441361e-01
9.977296578345670186e-01
9.980609596022906871e-01
9.981542923484336693e-01
9.982595704957979432e-01
9.983585941854795642e-01
9.985432648837279102e-01
