2.477256898641284485e+11
1.566142402259234905e+09
8.941998655794745311e+06
7.689328052027379163e+05
2.446699173346287280e+05
2.044018005121056340e+05
1.688348426129447762e+05
1.201004644499229034e+05
1.081173135989497096e+05
9.111098355338560941e+04
7.850381092990958132e+04
7.095618258547990990e+04
6.005100868834139692e+04
5.694269267991348170e+04
4.752169257849272981e+04
4.633875403709731472e+04
4.321149862217932969e+04
3.679425286909969873e+04
3.524057855774549535e+04
3.621791337708106585e+04
