1.000000000000000000e+00
7.300000000000000711e+00
1.899999999999999911e+00
3.700000000000000178e+00
9.099999999999999645e+00
5.499982208860574318e+00
1.000000000000000000e+00
1.000000000000000000e+01
2.796987818400401782e+00
6.400459717143724525e+00
8.155091528236471987e+00
4.623410689979619015e+00
8.125588354670044922e+00
7.027978364618256535e+00
5.941254246864040134e+00
4.644389511793434622e+00
8.600292834077375659e+00
7.672257597280332853e+00
1.000000000000000000e+01
9.029611333499207859e+00
