2.582271117878444791e+08
4.756477064091255306e+05
3.958609257674688101e+07
4.260962388225121796e+07
1.333594918984882981e+08
4.931519596560878754e+08
2.655604067310625017e+08
6.055636910087730885e+08
5.087448747583633661e+08
5.389746807679051161e+08
5.405552630525422096e+08
5.427304597860584259e+08
5.429450581332634687e+08
5.433437761135706902e+08
5.434778684905539751e+08
5.439638768902039528e+08
5.445140812753355503e+08
5.443350468917672634e+08
5.443514717183998823e+08
5.445245047983705997e+08
