1.000000000000000000e+00
1.899999999999999911e+00
9.099999999999999645e+00
7.300000000000000711e+00
3.700000000000000178e+00
5.500286028693920137e+00
1.000000000000000000e+00
1.000000000000000000e+01
6.397732446868348077e+00
4.659362010746865401e+00
2.832053439872716627e+00
8.193077436403500613e+00
1.000000000000000000e+01
8.691751984773667061e+00
1.000000000000000000e+01
7.613006040101014449e+00
6.443885280371167923e+00
9.131894732086179189e+00
1.000000000000000000e+01
4.430237458717416033e+00
