3.181234818095917522e-04
1.298305055001367208e-03
8.852598979201423222e-04
3.934118460045215801e-03
1.958366017081166616e-02
2.820249446276145155e-01
3.551481056005482140e-01
8.930810162737784497e-01
8.974391148020913755e-01
8.203776885133370333e-01
8.678251098187915735e-01
6.152010818862232444e-01
7.420461694257723950e-01
8.994740891860798504e-01
8.782833600833986898e-01
8.536541058677918903e-01
8.984148171317660747e-01
8.181836221025561295e-01
8.822836301238894396e-01
3.740772114284333649e-01
