5.751644718176103423e-04
8.631252021380786963e-04
8.255226631367990064e-03
1.938817879303608022e-02
2.344535885960600807e-01
7.809531285101886100e-01
8.950013190909902328e-01
3.743454609978899006e-01
8.241683230732140819e-01
8.593183997683749853e-01
9.001786985762825211e-01
6.212047978204031651e-01
7.433702596584917943e-01
8.489861735136552401e-01
8.756080647056371236e-01
9.017196315203742651e-01
8.175665032354269002e-01
8.998263938240818050e-01
8.850974560300636229e-01
8.568769067298998010e-01
