6.439105062925156593e+09
5.376828928478395101e+05
1.412375211806610823e+08
1.007285291006892473e+08
2.095638081221184731e+08
3.403252382046073079e+08
5.112775012795860767e+08
5.318983299823034406e+08
5.389851068081899881e+08
5.416378024800045490e+08
5.420294701666903496e+08
5.426871781306172609e+08
5.430025385865381956e+08
5.438364981107351780e+08
5.438223666086682081e+08
5.441129195074064732e+08
5.439952925555398464e+08
5.438481500010522604e+08
5.438972180042579174e+08
5.445474092378474474e+08
