9.501107613777614897e+05
1.428852281722371001e+06
4.561577803756929189e+07
8.858551371833499670e+08
4.071494315259287357e+08
4.701500234239624143e+08
5.199818785674883723e+08
5.362149955278037190e+08
5.415876993872705698e+08
5.420548330944144726e+08
5.425563984604412317e+08
5.435115822118905783e+08
5.440443006251101494e+08
5.450415069328531027e+08
5.451951758833171129e+08
5.454244165847176313e+08
5.453394547482891083e+08
5.456005203876967430e+08
5.458779542693489790e+08
5.454842124132040739e+08
