5.727164025459926568e-04
1.721683355696304824e-04
1.732076612984689845e-04
3.626496531409925065e-03
1.796190523788244791e-03
1.375332112000656783e-02
2.855158922225007889e-01
8.691689981797259268e-01
8.952506303869066651e-01
8.109492002523828180e-01
7.455967452308412957e-01
8.735244518679812220e-01
9.018543381575415685e-01
8.803097024657623448e-01
8.559849460145324551e-01
8.985360688397774354e-01
6.435994986959073794e-01
4.907071474251155641e-01
8.242812464536791728e-01
8.887119230292521710e-01
