2.152573233585550915e+06
3.427860951524963137e+06
8.500603180607110262e+08
1.633536368973021396e+06
7.889571184762512147e+07
2.763812233389957547e+08
4.501866531637321711e+08
5.309528571962087154e+08
5.376906203034492731e+08
5.425405416588652134e+08
5.433553561379462481e+08
5.441214599821246862e+08
5.435777569153769016e+08
5.438540705496733189e+08
5.444652563268791437e+08
5.449694193844674826e+08
5.451085362858296633e+08
5.445180158682810068e+08
5.443642856130808592e+08
5.442518117560558319e+08
