6.577820196527555362e-04
1.298439877701102092e-04
1.028808066010333382e-04
2.747117670908500071e-04
2.466028936850577901e-03
2.228373204131018585e-03
2.286473253395523639e-02
4.179626717000912706e-01
7.965072618896945622e-01
6.246976447679373212e-01
7.434831049551149373e-01
8.665330261080306240e-01
8.632345872261174557e-01
8.386067810424316926e-01
8.050721226394991215e-01
8.976343263964158270e-01
8.768487688647581546e-01
7.438869814081245924e-01
8.605812566637091043e-01
8.983957593742325498e-01
