2.946533062368469425e-04
1.682715141410351303e-03
5.429153992294604054e-04
6.885293935440552071e-04
1.703388506674132462e-03
1.051098415793937351e-03
9.177586873371133824e-03
1.622713962422416278e-01
7.996099778206272601e-01
7.392731639899927654e-01
6.286292238387074516e-01
8.169894375006920839e-01
8.223654190343537840e-01
8.519669452860496595e-01
7.739542504878454965e-01
8.705953651020754691e-01
7.138053079040769244e-01
8.417087624649491895e-01
3.760116141806056911e-01
8.967721286392403846e-01
