9.140370069392516825e+02
1.611937869637834183e+03
1.599610497593411083e+03
1.623354707271873394e+03
1.627488345980600116e+03
1.627724097373067025e+03
1.624906752990304312e+03
1.623580193174047054e+03
1.626306269894691241e+03
1.624403297063251102e+03
1.626208224473277596e+03
1.622633294885679334e+03
1.623915593899544774e+03
1.628277931984664519e+03
1.628677328724306335e+03
1.627872657594358998e+03
1.626672587305326260e+03
1.626528262608061596e+03
1.626454976689163232e+03
1.625109145320144535e+03
