4.561213183556005950e-04
3.809389950704981098e-01
4.503380118278148547e-01
4.576047955664460654e-01
4.724501708151916390e-01
4.627009612556787221e-01
4.409240293381996856e-01
4.546680353444566558e-01
3.532634397521494107e-01
3.524150479765444377e-01
3.382526387617489361e-01
3.844853398548543355e-01
3.435652202291375468e-01
3.501244597650531865e-01
4.089357518109317247e-01
3.624614526471310327e-01
3.381330470840295810e-01
3.381284667369779395e-01
3.379398447311078302e-01
3.866033839805745331e-01
