8.510921997877732986e-03
1.952071836638302749e-01
7.063646324420612688e-01
7.240286699435506401e-01
6.928240752201485497e-01
6.979395120135594155e-01
7.139975405990125479e-01
6.296406875866489283e-01
6.895540906958991245e-01
6.981837332826908993e-01
6.019649123915263855e-01
6.672814002277479561e-01
6.688282167413154289e-01
6.758005065990927429e-01
6.666551446505176726e-01
6.494546204330252648e-01
6.896039376701401657e-01
6.699675146711953078e-01
6.426054763965363126e-01
6.307005607299471794e-01
