1.020103220412785054e-02
2.593443391245249252e-01
5.602195195135954986e-01
6.516167047521675970e-01
6.277859528818499069e-01
5.529727121011211999e-01
6.389429966383809445e-01
6.655653327755537418e-01
5.843868448337368182e-01
6.327746976393164857e-01
6.250470599846252862e-01
6.292711474165960661e-01
6.366572749621220995e-01
6.109173313838776043e-01
6.425864502919718113e-01
6.530757315493583848e-01
6.303047115663600319e-01
6.196777950019055625e-01
5.998259338463335366e-01
6.086096272934141682e-01
