2.419560156514694427e+03
1.582863212117274543e+03
1.606940090913736412e+03
1.614675253563298156e+03
1.611159613145529875e+03
1.617779334301123299e+03
1.616945577090397137e+03
1.617334206634417114e+03
1.614576670894448853e+03
1.618923041344774447e+03
1.622618437715807886e+03
1.620559808032464844e+03
1.620154621378679622e+03
1.619834289566789039e+03
1.622066823771997178e+03
1.620439686200578990e+03
1.621860812814311657e+03
1.624563346057584567e+03
1.624525872191647068e+03
1.626286786437896808e+03
