1.277323475806284023e+03
1.607312253219905188e+03
1.608746889347242814e+03
1.617885156184979905e+03
1.620077838087606096e+03
1.621386883701543411e+03
1.625001476292212146e+03
1.626030852990341600e+03
1.627115448653499698e+03
1.627239275060992441e+03
1.625838208585700158e+03
1.624376436325961322e+03
1.627904203195986383e+03
1.628418596320406778e+03
1.626075603860941783e+03
1.624991587577509790e+03
1.623541111400023283e+03
1.623015957901901402e+03
1.622955650346607172e+03
1.624857247904524911e+03
