5.326301802825156480e-03
4.333453702674482932e-01
7.040272875139526043e-01
4.203178877245281053e-01
5.363694980354811737e-01
6.613298439325339118e-01
6.517251914159640780e-01
6.895126889260168035e-01
5.933949355979459828e-01
6.230340320829595990e-01
6.120723178405721443e-01
6.224562006062177577e-01
5.927584469410777102e-01
4.092886796248917242e-02
6.286384817234912381e-01
6.335034605886959991e-01
6.461501192320546760e-01
6.030683042363831348e-01
6.260356151900668964e-01
5.960289639173974585e-01
