1.000000000000000000e+00
5.355999999999998984e+00
5.445999999999998842e+00
6.076000000000002288e+00
5.176000000000000156e+00
5.464167788886530097e+00
5.385373742139526243e+00
5.589999999999999858e+00
6.608776984395786869e+00
5.306941780371727369e+00
5.819099923278794328e+00
6.340850896333018127e+00
7.838198633079174193e+00
8.307430266924537676e+00
8.136678785235728739e+00
7.234393057873806043e+00
6.655645511636123501e+00
6.810324116335579880e+00
6.980646484863130219e+00
6.712458926912768575e+00
