0.000000000000000000e+00
2.502971034590693478e+00
2.723358955407825910e+00
2.426731134674791068e+00
2.420046280549197348e+00
3.047052390837226010e+00
4.041634246908965444e+00
4.499099909981994827e+00
2.390766080330449128e+00
1.918410219477833856e+00
2.203319096872723648e+00
2.248687856796836027e+00
1.943313447010319495e+00
1.734901983579422158e+00
1.812531899323534867e+00
2.434138519840397752e+00
2.692492459348070799e+00
3.104255894318443065e+00
3.099869022129655427e+00
3.096533124833758865e+00
