1.705547843134290866e-03
3.343615842109567415e-01
7.430782984874143571e-01
8.333925769078364132e-01
8.504074700837318534e-01
8.595374225894708564e-01
8.786186534365159062e-01
8.507561139673953665e-01
8.512061462370613674e-01
8.518302310876785244e-01
8.980006196005828611e-01
7.495056454963159309e-01
8.873829805366552081e-01
7.806706222455678246e-01
6.586621677361764737e-01
8.833694382462722317e-01
8.664674188570375968e-01
8.556353327557303379e-01
6.393777431986672477e-01
8.461034087861348807e-01
