5.805942193242816414e-03
6.379532710245336968e-01
9.467189199637174868e-01
9.488101746387569424e-01
9.357044203842426189e-01
9.397177711557153090e-01
9.520717199547171772e-01
9.312493233505304557e-01
9.473871337402568482e-01
9.471115306265159850e-01
9.307345421546157072e-01
9.432620930222492817e-01
9.439323579144953680e-01
9.504200574884468233e-01
9.346587526325010886e-01
9.512159987602291089e-01
9.445104005853276474e-01
9.439912812484559934e-01
9.585304006387703746e-01
9.526202107922996376e-01
