2.840423470352544579e-03
2.855029553916711982e-01
9.417855155135403944e-01
9.512185665163624959e-01
9.460482485406772613e-01
9.404470391437568244e-01
9.385275401183089672e-01
9.420196147852073487e-01
9.495749596199434261e-01
9.453842312344344911e-01
9.368628983654772036e-01
9.431638355736362556e-01
9.442011242106379543e-01
9.367237348604041669e-01
9.483967814772388261e-01
9.474859358546324772e-01
9.472041267977505674e-01
9.417018740915374941e-01
9.531119272416261889e-01
9.463935358200137316e-01
