4.169803166484219344e-03
4.019128685029252357e-01
9.169012155481470749e-01
9.452952074811732386e-01
9.364636024454959795e-01
9.366251830374391352e-01
9.492718817784496776e-01
9.284317816511237220e-01
9.521072641459332742e-01
9.369422487328782356e-01
9.487937067536368341e-01
9.342454462940174009e-01
9.376896612327033642e-01
9.393536712073065065e-01
9.409877532233864583e-01
9.389992512919753676e-01
9.269197614067978819e-01
9.445735047017813635e-01
9.416823483192394706e-01
9.519735349793254642e-01
