1.566597435210096215e-02
5.830581020388581059e-01
9.451695189897054705e-01
9.398833541284421500e-01
9.394381945280029234e-01
9.394814932454297329e-01
9.404912151403247433e-01
8.196422295529958157e-01
9.525632174443430245e-01
9.415693235090057955e-01
9.504186817001207821e-01
9.528768360033297302e-01
9.436422486883430105e-01
9.480377928193851611e-01
9.434403489509286533e-01
9.384300761339653407e-01
9.373275487919383586e-01
9.276990791941173153e-01
9.399591817155180662e-01
9.523977545982359461e-01
