7.546771332113046127e-03
6.124337206602694650e-01
9.469040083763080595e-01
9.363432700844307455e-01
9.483990851884257500e-01
9.479544093112294290e-01
9.457313953296105913e-01
9.388661239967167615e-01
9.452966745280030336e-01
9.492136506741610802e-01
9.160007886863499316e-01
9.511865237460328526e-01
9.273936253545614905e-01
9.474333056395586317e-01
9.354693417330746108e-01
9.214947325215324669e-01
9.461623674770717196e-01
9.390489116289600924e-01
8.961469842079349268e-01
9.461975525452750446e-01
