9.567134704028396053e-02
9.559770890388338271e-01
9.610469198509994371e-01
9.557579611345643489e-01
9.601498773319688818e-01
9.473636912053571280e-01
9.597503095545381058e-01
9.589285090677318601e-01
9.520930972215807531e-01
9.569700101297914374e-01
9.422496971220851725e-01
9.517076452169025425e-01
9.646114856996687026e-01
9.487504228297587439e-01
9.645749538080736762e-01
9.627640714181513459e-01
9.617763542799293575e-01
9.644654883385219701e-01
9.550069223553302455e-01
9.636015337025858329e-01
