8.765371738204598273e+01
9.776343861068572494e+01
9.840635140586995533e+01
9.854640148620943307e+01
9.850400593987529874e+01
9.859091807234999294e+01
9.861318058461677083e+01
9.862832306159663176e+01
9.861127696397535658e+01
9.858103478873093195e+01
9.855065073089808436e+01
9.855866345118521110e+01
9.861231385310227893e+01
9.864325419619090951e+01
9.861293362521421102e+01
9.863479195607449412e+01
9.866314664655337197e+01
9.865591360242734709e+01
9.864915329782057540e+01
9.865903993644953118e+01
