1.096605678596413753e+02
9.928143179952125763e+01
9.901444025023145912e+01
9.897734760030252232e+01
9.897333450597950844e+01
9.891257408226852021e+01
9.885557036207271153e+01
9.885363131181357232e+01
9.884314282642881722e+01
9.880083307646511059e+01
9.878572954733249389e+01
9.879072967950736484e+01
9.880992115719877233e+01
9.878104992902808590e+01
9.876333847469435057e+01
9.874213345809982911e+01
9.873733102815181439e+01
9.874559052714769791e+01
9.874437165246264669e+01
9.872507895189106364e+01
