4.418920482231084718e-02
9.113504051823622110e-01
9.309390606561337433e-01
9.246888857968148523e-01
9.119484511327579090e-01
9.310299143434096480e-01
9.290385690545126529e-01
9.269273364289518646e-01
9.230698242981464352e-01
8.918816742479160897e-01
9.308153126718200499e-01
9.013815095748601847e-01
8.646180787755908259e-01
9.348980401240224447e-01
9.233816563727601512e-01
9.185026562902854907e-01
9.316271714641187751e-01
8.905396248564720896e-01
9.194390837419902374e-01
9.190216734127724107e-01
