4.967048052563131227e-02
9.084548715297289245e-01
8.470361976747278199e-01
6.922820775463945919e-01
8.996760526971164795e-01
9.199799436306108635e-01
8.889727996711208613e-01
9.062412804593085180e-01
9.287295799705820309e-01
9.277210750077303780e-01
9.403925507943075024e-01
9.322347067667217102e-01
9.375754863451637444e-01
9.389608423238747781e-01
9.198113701713688251e-01
9.337418275009493618e-01
9.211035371658616855e-01
9.102035009080117200e-01
9.205552358073221253e-01
9.359590048385433292e-01
