5.097047474417607665e-02
9.072577883571341095e-01
9.219730510365669041e-01
9.196819570652907672e-01
9.197441321658090807e-01
9.224729458054222730e-01
9.283322008608649867e-01
9.253553760472769119e-01
9.208434892395072069e-01
9.006952132086876173e-01
9.077700890192129668e-01
9.288108682558652296e-01
9.356495283752289671e-01
9.030008644188846079e-01
9.370348870358877758e-01
9.329067614821302534e-01
9.210204828617339912e-01
9.001086105228962575e-01
9.115202192253377689e-01
9.272861395339175861e-01
