9.533989537654191659e-03
7.393293468700540619e-03
1.559793048662139713e-02
5.602103704050780814e-02
3.626347964999604434e-01
7.943640246535257354e-01
8.640605590419786486e-01
1.502413634578794732e-01
7.965887130393028981e-01
9.527901745888783802e-01
9.407851250225917061e-01
8.993664412488086013e-01
9.843671889877009251e-01
9.844381596872423534e-01
9.815245929721208018e-01
9.763115773024573230e-01
9.976540968104320450e-01
9.953905936460891724e-01
9.953673217291384434e-01
9.951663601778453216e-01
