1.038119661401266415e-02
1.321109163631396625e-03
1.101924380300651216e-03
1.661338802227074751e-02
1.153769111417450727e-01
5.708058854168668317e-01
9.581253484790803743e-01
9.824524968218950605e-01
9.893502092081996047e-01
9.768199858363276755e-01
9.935216159352305842e-01
9.944092975002388757e-01
9.945450212572197746e-01
9.948922812558204098e-01
9.952069886597212367e-01
9.952962395628971448e-01
9.956337829793383554e-01
9.956022556658560285e-01
9.955552512979189972e-01
9.957219507198356023e-01
