1.531430900920233398e+04
2.716332570649649642e+04
8.445695691281760810e+04
8.593274149027500243e+04
1.023142958473329782e+05
1.056238884747878037e+05
1.077793376956263237e+05
1.083878812108484999e+05
1.087625811422341649e+05
1.089352526683068281e+05
1.091682925480889826e+05
1.093786911840878020e+05
1.094382381389373622e+05
1.095034459095215279e+05
1.095145006634769816e+05
1.096086718297947227e+05
1.096810800193134346e+05
1.097308460520868248e+05
1.097811195290264150e+05
1.098037863649732753e+05
