9.311418006952905391e-03
1.992487561971319123e-03
4.774184409402838780e-02
1.058704601190456063e-01
2.634151241933266885e-01
7.250801990761606142e-01
9.786945412516072640e-01
9.878089641461674786e-01
9.910681735050257402e-01
9.803603039850783407e-01
9.931305257950043819e-01
9.938901631761107858e-01
9.947145184347050417e-01
9.952245307096601046e-01
9.955231406050141230e-01
9.957171358829126628e-01
9.960313944440073453e-01
9.960672270850653431e-01
9.959989416042223098e-01
9.957839148859354284e-01
