1.000000000000000000e+00
7.300000000000000711e+00
9.099999999999999645e+00
1.899999999999999911e+00
5.500000000000000000e+00
3.716510657562552833e+00
1.000000000000000000e+00
1.000000000000000000e+01
4.429803532257848175e+00
2.975911344654786905e+00
3.092261927350389072e+00
3.702577990271302966e+00
6.354332734998175525e+00
1.000000000000000000e+00
8.213646636609723828e+00
2.441093853877394526e+00
2.472600308904137290e+00
2.530898276331760233e+00
2.647482996651739917e+00
2.099969803820293190e+00
