1.000000000000000000e+00
1.899999999999999911e+00
7.300000000000000711e+00
5.500000000000000000e+00
9.099999999999999645e+00
3.698683622501116819e+00
1.000000000000000000e+01
1.000000000000000000e+00
4.543828750883514900e+00
2.847523824171263485e+00
2.868559479140204260e+00
8.225380407484673029e+00
6.394329464068927216e+00
1.000000000000000000e+00
2.295201045982790955e+00
2.286476938118732871e+00
2.282902874395037696e+00
2.280091292987967755e+00
2.279230132654896934e+00
2.276249186371243738e+00
