1.203524112585441981e+04
6.022444073963045957e+04
7.818574481334358279e+04
9.370868582486566447e+04
1.008360396890236443e+05
1.057996020924829209e+05
1.064313355129999254e+05
1.082310470366780792e+05
1.085898032176077686e+05
1.088386404896889871e+05
1.090602495640711568e+05
1.091172384175016778e+05
1.091748298168690962e+05
1.092535840064195363e+05
1.093576375540669833e+05
1.094199851476363692e+05
1.094387735455290385e+05
1.095574946677019325e+05
1.096441187362028431e+05
1.097285502544216142e+05
