1.892866191356473845e-03
6.796857936239034982e-03
1.894963476716124071e-02
1.087776465337741277e-01
6.316742606301960494e-01
5.550541968558974082e-01
8.610729907914489445e-01
3.506563128064051349e-01
8.724220245508317317e-01
9.714072251327149354e-01
9.765757738920174402e-01
9.901449317227416502e-01
9.704527023806589492e-01
9.969599835354490125e-01
9.973343673220621541e-01
9.975232572946109988e-01
9.975569070075100964e-01
9.977216212666272233e-01
9.976965824341583744e-01
9.978182084171761668e-01
