1.000000000000000000e+00
5.500000000000000000e+00
1.899999999999999911e+00
3.700000000000000178e+00
9.099999999999999645e+00
7.374049011292521882e+00
1.000000000000000000e+01
1.000000000000000000e+00
1.000000000000000000e+00
6.436386087319552196e+00
8.280798420994216258e+00
4.619455522045456952e+00
2.763936887260376452e+00
2.746518155177188447e+00
2.299248451474468435e+00
2.287262784220528200e+00
2.285900311724393674e+00
2.672761643819121957e+00
2.059627784285011032e+00
2.016729671535388846e+00
