7.614439284381564060e-03
1.188474705241618920e-03
2.227842777522689305e-03
4.540405094094621813e-03
2.175405658386447838e-02
1.420243099538183451e-01
6.585230673502384668e-01
8.580051387570973853e-01
8.686216133213973123e-01
8.723348573591825916e-01
8.746473763899567100e-01
8.744920939377900382e-01
8.779385499512920576e-01
8.726155506977540943e-01
8.768067773719536717e-01
8.813998068594331992e-01
8.802391794820149107e-01
8.778613136645028181e-01
8.793161101658144574e-01
8.774762614724154197e-01
