2.500868908788804034e-03
1.693660620048161730e-03
7.257797108088680010e-04
4.201577475698230549e-03
4.964680414002864417e-02
4.443925037520474741e-01
7.794916257905392110e-01
8.130709195064708128e-01
8.169486842089330736e-01
8.234404708081940472e-01
8.260357048165544169e-01
8.291651996613959019e-01
8.312465570833836859e-01
8.270355828884913274e-01
8.314843906138436047e-01
8.322874166030782561e-01
8.312350226715649049e-01
8.327192224912833840e-01
8.311823105987389271e-01
8.337037341355326703e-01
