7.909161103485447264e-03
1.045307381075867136e-03
2.694386672974304325e-03
1.121772072389925871e-02
5.544616974316009250e-02
3.491587191907598031e-01
7.830889754882691678e-01
8.612165659011518093e-01
8.724507568325465812e-01
8.707249363978492029e-01
8.713881513866621464e-01
8.738494349722725207e-01
8.778337806826513878e-01
8.770650267167507952e-01
8.756280093417890820e-01
8.769658865852303364e-01
8.741437607688001821e-01
8.774890206554124550e-01
8.778019113552509856e-01
8.753287688163384761e-01
