1.070384285989770979e+04
7.089426618929445976e+04
5.508951513682374207e+04
3.376605070682583610e+05
7.144492090413074766e+04
9.836531760234507965e+04
1.052921659296114522e+05
1.073220440143549204e+05
1.082209922379228810e+05
1.088159137411531847e+05
1.090264048223029677e+05
1.090646378315971233e+05
1.091301577955019602e+05
1.093111396824633266e+05
1.094810024240514176e+05
1.095347963654620398e+05
1.095717756918268133e+05
1.096147624248711509e+05
1.096304336966275878e+05
1.096822411616446043e+05
