2.160393740257115624e-03
1.376811774152608692e-03
3.140733389602094012e-04
5.285476825740811121e-04
1.556781283819190682e-02
1.131204231410073147e-01
6.581939678528496707e-01
8.062463504246321078e-01
8.137597355928789522e-01
8.250067955186787261e-01
8.251661464069004470e-01
8.245475796748916730e-01
8.308598845841183023e-01
8.287210104534288302e-01
8.299604584875044377e-01
8.314910956491134986e-01
8.350715354524990142e-01
8.329529930974793883e-01
8.313174769986337864e-01
8.306628519672526467e-01
