1.191864831103315626e-02
3.102484262703590189e-03
4.393511382253927414e-03
6.100517718790496487e-03
6.435981966129453169e-02
3.985682585708500425e-01
8.154363975128056108e-01
8.612971241742948258e-01
8.704206027320690042e-01
8.726691282407584849e-01
8.763078986652678148e-01
8.725619657133611984e-01
8.778075082190096579e-01
8.738202205360939834e-01
8.749091629112397683e-01
8.741078301615020640e-01
8.786980824838609427e-01
8.789584580350041643e-01
8.742170621151370558e-01
8.757092022165156031e-01
