9.395610269140279710e-04
9.023035428931827986e-04
1.965690040297802393e-03
1.312669278184426047e-03
5.804760966520589212e-03
7.434493649949998340e-02
5.666247006654987484e-01
7.911761264014834927e-01
8.166841706684522251e-01
8.167478258923802636e-01
8.244044787323042689e-01
8.283004468798587094e-01
8.271878827754548524e-01
8.292530234820815194e-01
8.274792055617523623e-01
8.298374734581400736e-01
8.380840324387577311e-01
8.284310891546238231e-01
8.307730469123429939e-01
8.244338885874533673e-01
