2.719307193422291768e-01
9.002328445625681352e-01
9.058301389168175177e-01
8.007500563762767198e-01
5.370946976248809346e-01
8.753762026447932110e-01
9.041119342771006817e-01
8.468979618534093756e-01
8.725937197537861900e-01
9.015897875227920633e-01
9.015232171624355528e-01
9.139526032058465921e-01
8.952935803843037332e-01
8.987825330889691600e-01
8.973397939900866760e-01
8.033229824338501412e-01
7.889802791303834884e-01
9.024434226248276847e-01
8.718744873448469601e-01
8.997018152390199308e-01
