2.690446117236434120e-01
9.131316814875141130e-01
8.697450970134694703e-01
6.943008845276599228e-01
8.886235091131646779e-01
9.101595712453849352e-01
9.194565775556563514e-01
9.009165834478423118e-01
9.154918519018956369e-01
8.887906439961625882e-01
9.057959963334001330e-01
8.473800681545956559e-01
9.102856911550371022e-01
8.869957415665169487e-01
8.935760677154103160e-01
8.986167301242050653e-01
8.671954969208235386e-01
9.073831809708780005e-01
8.995685945856092269e-01
8.702047323309703986e-01
