2.732478169954750680e-01
8.862560230020003482e-01
8.938779634034216270e-01
8.799522924662850354e-01
9.063296576731123544e-01
9.102904304274611613e-01
9.186876462389904630e-01
8.714744386825344913e-01
9.247545564559854769e-01
9.127772952988103539e-01
3.160495396556569081e-01
8.602220172367490703e-01
8.761101950305930641e-01
8.938606629379929336e-01
9.167202114482209119e-01
9.216726490225818358e-01
8.793003692714735919e-01
9.088588917556079672e-01
8.947179614801314962e-01
8.343629926559994470e-01
