1.822437740493525471e-01
5.406891048722284321e-01
8.020643021330395861e-01
8.677726428194370012e-01
6.256263620202190401e-01
8.476364487523188052e-01
5.477672869990556359e-01
7.342300196891023978e-01
6.977287955907447436e-01
7.793243041182267294e-01
8.073570363227819957e-01
5.880875517162418298e-01
7.963248424869927566e-01
2.340393580872265622e-01
8.283251600551259086e-01
5.046745264565510869e-01
6.736437158700705474e-01
8.495348442129547761e-01
7.928183448846768400e-01
8.434859651215649290e-01
