1.362906781432803172e+01
1.410242676045909249e+01
1.409547259459043822e+01
1.405298989842997415e+01
1.404095072134637689e+01
1.404121519974165722e+01
1.403574285398778976e+01
1.405599668289879034e+01
1.406688580705533553e+01
1.406217079462584074e+01
1.404452871365643496e+01
1.403159507266069816e+01
1.403117417679722401e+01
1.403862937259722266e+01
1.403271849310970865e+01
1.403130456321057906e+01
1.403906483580576037e+01
1.403664000499932563e+01
1.403709938360106513e+01
1.402869710191369990e+01
