2.048224088571942159e-01
8.176226840388952644e-01
8.041713415411424482e-01
8.168338399851305942e-01
7.236078934722214306e-01
7.073985633958550512e-01
7.902654897732475092e-01
6.195871731393396420e-01
6.917731804878561874e-01
8.263117094789624861e-01
8.492350397108603399e-01
5.027891057249362916e-01
7.719140178348634640e-01
7.322736654556807334e-01
7.719666637607651705e-01
5.747541423678551586e-01
4.157383568543353558e-01
8.288737670687884584e-01
7.852911578726196051e-01
6.355439068439071582e-01
