2.701215876490390411e-01
5.944297088336049084e-01
9.137046061092467530e-01
8.801970686652365039e-01
6.763087726880343542e-01
8.926805056886131240e-01
8.831128043028768637e-01
8.833375879172318257e-01
9.286501608702052435e-01
9.179012043041672175e-01
9.068802006273117833e-01
9.219350608324912155e-01
9.007668333751233103e-01
9.178757650682463076e-01
6.671106706748651805e-01
9.053196788366296710e-01
8.950046363789928572e-01
9.119082991650810932e-01
8.946562162669928764e-01
9.197093564973398694e-01
