2.782802419943807282e-01
8.776126226678573339e-01
8.842920106059104501e-01
8.542660283781221553e-01
8.634410196501132173e-01
8.959193149024577973e-01
8.633828116473182268e-01
8.716829340447024288e-01
8.005324659932275821e-01
9.152441207236569065e-01
9.174034796455599050e-01
8.892910383421951392e-01
9.180117407648806793e-01
9.175308891410861589e-01
9.039567150457084033e-01
9.168871982881481308e-01
9.224651370546226303e-01
8.920291628308071319e-01
9.092391775587354008e-01
8.424524431736810648e-01
