1.453146257132713437e+01
1.412069190980488287e+01
1.409568369228776596e+01
1.409705513682570910e+01
1.409287124634182753e+01
1.408073433437633426e+01
1.407826462591619432e+01
1.407199479938646469e+01
1.406960056657311497e+01
1.406738557337117790e+01
1.406449460318234657e+01
1.405682744887880276e+01
1.405583816318309687e+01
1.405246049467199398e+01
1.404293895976791084e+01
1.404068770361549667e+01
1.404511500175911998e+01
1.404759278598828232e+01
1.404968825434232294e+01
1.404987809905159324e+01
