1.316159841243676742e-01
9.471021300444302238e-01
9.393035227579900059e-01
9.415730596164465505e-01
9.419710722255182356e-01
9.410491947930981205e-01
9.406853404244188699e-01
9.409452126266775185e-01
9.406194841066268797e-01
9.413424075693505033e-01
9.409365460004663895e-01
9.411504794342503422e-01
9.407722038710637502e-01
9.415899787471846416e-01
9.409052266067754466e-01
9.421247439032398585e-01
9.435368679980206119e-01
9.413676133058951345e-01
9.412416626554488408e-01
9.412719681142412975e-01
