1.326521205008031679e+01
1.400266048657922369e+01
1.400417092213396764e+01
1.401938872834306338e+01
1.403471227355571749e+01
1.404738210852968550e+01
1.404692503538097093e+01
1.404845554720277079e+01
1.404718961804959498e+01
1.404650571340100562e+01
1.405005497128769854e+01
1.404817364808868696e+01
1.404523187203499113e+01
1.404622375517475596e+01
1.404338423080509557e+01
1.404167155361561825e+01
1.404028466004450060e+01
1.404164991098559057e+01
1.404321118962430504e+01
1.404674472490440529e+01
