1.284374439966061987e-01
9.419977400586858618e-01
9.418007778967288912e-01
9.397779561939424431e-01
9.402280981380621849e-01
9.410674073142313301e-01
9.424166512699149179e-01
9.432680670806813383e-01
9.416008420879115048e-01
9.403680939796541516e-01
9.414671961332006234e-01
9.419043769302111180e-01
9.435119329780869979e-01
9.422848746872509729e-01
9.417950866035990076e-01
9.415299542496848861e-01
9.405767548597396832e-01
9.416053193155150547e-01
9.403325315619953662e-01
9.393262253516526661e-01
