9.738788685649679699e-02
9.156557259706668006e-01
9.170669613126345432e-01
9.172907886013963452e-01
9.145185357460631215e-01
9.162799859412648074e-01
9.168488306841662272e-01
9.157778369470285229e-01
9.160354927406663128e-01
9.176533819686765181e-01
9.157868843157763727e-01
9.174900238008686371e-01
9.168488674693519025e-01
9.166770854049625106e-01
9.186239082291289826e-01
9.177490579356507583e-01
9.173834713682076369e-01
9.182888830141011649e-01
9.180625010161675981e-01
9.173971833686682675e-01
