1.365539238860450588e+01
1.398852333069263842e+01
1.401695025507878789e+01
1.401869528248936447e+01
1.401882968300528098e+01
1.402421195279221777e+01
1.402531441181307947e+01
1.402511481221780620e+01
1.402337438307390016e+01
1.402340342076326252e+01
1.402379873977780633e+01
1.402114552775370626e+01
1.402581402777837916e+01
1.402713412677040417e+01
1.402915202772784120e+01
1.403045027843466031e+01
1.402843890494784240e+01
1.402957890995829970e+01
1.403179174174126942e+01
1.402909305468848977e+01
