1.458007247970387965e+01
1.395222622297592530e+01
1.399419272378237977e+01
1.401151895100951350e+01
1.402190974462341444e+01
1.402085519496860755e+01
1.402760425880186723e+01
1.404041054943077071e+01
1.405074743058191977e+01
1.405573305572057308e+01
1.405364747203128672e+01
1.405566123294476277e+01
1.405089199088691387e+01
1.405535277749308776e+01
1.405391989812510367e+01
1.405298197388729520e+01
1.405283246675880093e+01
1.405104981136950393e+01
1.405002890250783310e+01
1.405039824550999761e+01
