1.249711523854702133e-01
9.406350456231640234e-01
9.415237962009609385e-01
9.393912735915764811e-01
9.409818374630369853e-01
9.409933023873137126e-01
9.391521031086808025e-01
9.414597694997234312e-01
9.392304311507816417e-01
9.409378095717284562e-01
9.424693179915691887e-01
9.433854455145105344e-01
9.418573368357396891e-01
9.402236663435366015e-01
9.415301515348630801e-01
9.427781361112927971e-01
9.415752740797423970e-01
9.416975658950130779e-01
9.414271257917524727e-01
9.418398028872405625e-01
