1.056879374813780026e-01
9.213462053577076150e-01
9.149868831482071974e-01
9.150608264933702829e-01
9.164415786940912634e-01
9.158968450518493176e-01
9.148148676128365908e-01
9.159188492774885670e-01
9.159279751796537417e-01
9.170618784479993568e-01
9.150467833420453667e-01
9.178923729488812633e-01
9.180053506316834255e-01
9.166142425994594500e-01
9.179740330139138926e-01
9.172618291715957106e-01
9.156884089247975256e-01
9.161699192102320533e-01
9.188520588647051124e-01
9.178126608171506273e-01
