2.910968893847538843e-03
6.589382294125969639e-04
1.084554366739953345e-04
6.899278412963904725e-05
4.451726530426722381e-05
3.463917960890894093e-05
3.181059988748493071e-05
2.621050325443518623e-05
2.262682794835087671e-05
2.100354379931746446e-05
1.790389182180982924e-05
1.497715442903251517e-05
1.343124002073266672e-05
1.253880355243179060e-05
1.162042236793611803e-05
1.134784168551393758e-05
1.148148570650389368e-05
1.116082785331796777e-05
1.064336123100163996e-05
1.012637001931480395e-05
