1.481745669604572129e+02
1.403315344201911046e+02
1.409110296824997306e+02
1.409709334050619987e+02
1.409733319091822921e+02
1.408911884943759958e+02
1.407739563433875105e+02
1.408160970958083169e+02
1.408990035514964063e+02
1.408893904459145290e+02
1.408694849154061615e+02
1.408494501242129502e+02
1.408734856959568447e+02
1.409256418623261027e+02
1.409397427708986754e+02
1.409401810624202938e+02
1.409629851762397266e+02
1.409507037023705038e+02
1.409448631952122923e+02
1.409847401477388757e+02
