2.247117736076804234e-02
9.498141077713692093e-01
9.717806114461746692e-01
9.731480636738052414e-01
9.729398292495156086e-01
9.726509481144112179e-01
9.740203196184877843e-01
9.732195665304885779e-01
9.731830582753364656e-01
9.733748201679580658e-01
9.710684853262030458e-01
9.725101185573398199e-01
9.719686772172716482e-01
9.736736936553358479e-01
9.725884306004515256e-01
9.716853319653721011e-01
9.717187792702965954e-01
9.741633924148469514e-01
9.722049654810880348e-01
9.734064348035789127e-01
