1.360213374167261691e+02
1.421996888522271263e+02
1.414508160034303046e+02
1.415083355484115657e+02
1.412752741587741809e+02
1.411183580335629415e+02
1.410885828121193981e+02
1.410712534115353947e+02
1.411040130320618005e+02
1.410651392866042215e+02
1.410515639751914989e+02
1.410760099900658986e+02
1.410932805690480620e+02
1.410734982405707569e+02
1.410519157735221256e+02
1.410409028765384676e+02
1.410070244376380515e+02
1.410274175301724426e+02
1.410409031148002157e+02
1.410122453379962906e+02
