1.338368607751001207e+02
1.405219630898124308e+02
1.405524012425373428e+02
1.407984768449324804e+02
1.408757641370000897e+02
1.408054538472992192e+02
1.408013189653951827e+02
1.407990506066590797e+02
1.407455085459975805e+02
1.408230067693452838e+02
1.408933429283338796e+02
1.409427959489418072e+02
1.409707994176259831e+02
1.409313323144977232e+02
1.409212197460193750e+02
1.409627487221495983e+02
1.409706055140445642e+02
1.409720835205577032e+02
1.409815398124249839e+02
1.410047731943610074e+02
