1.147153480760168889e-02
9.270469736055447774e-01
9.624004855084732357e-01
9.644596559561945393e-01
9.620516902241312840e-01
9.636161572679996512e-01
9.622688994584605027e-01
9.636082188043670893e-01
9.626575891414421715e-01
9.628878565580896165e-01
9.623483124520330056e-01
9.644907800822836164e-01
9.631636213886697329e-01
9.621753356070152918e-01
9.636040402890225787e-01
9.652191678582665579e-01
9.634837167011763848e-01
9.639572800358655602e-01
9.630953262589306840e-01
9.648599385684391017e-01
