1.057817050356378852e-01
9.850263684343034676e-01
9.862503389210355298e-01
9.863174157416564336e-01
9.857855567367876937e-01
9.868462200066037138e-01
9.851882455134826078e-01
9.856284792216430946e-01
9.856697201593305202e-01
9.860876409703904777e-01
9.857937747699622166e-01
9.859393513668811559e-01
9.862120780837205780e-01
9.863801566746288607e-01
9.871466870207283861e-01
9.863262702173546392e-01
9.852888091269548232e-01
9.860400170150211974e-01
9.860227978690626616e-01
9.857614457781579409e-01
