1.451485999020884765e-01
9.895690668889025599e-01
9.898969271349062904e-01
9.905395015230595845e-01
9.909023284366152984e-01
9.904818953381279156e-01
9.890485637816448516e-01
9.910967836908514128e-01
9.902570376038249966e-01
9.901891504200331928e-01
9.907473646412949808e-01
9.900680998415617440e-01
9.904728235298430050e-01
9.902916866117325023e-01
9.895947286799957610e-01
9.899496603381953141e-01
9.893897019831536799e-01
9.899228791716798703e-01
9.898399745591097698e-01
9.896452442129294313e-01
