1.441086179736539741e+01
1.407545175256469250e+01
1.404261902481077762e+01
1.404291282884065950e+01
1.404109311422375583e+01
1.403265121747465649e+01
1.403879798629671427e+01
1.404026569557575321e+01
1.404368668877897974e+01
1.404510650822632023e+01
1.404669206348459021e+01
1.404613506041309101e+01
1.404718374734745545e+01
1.404946212271839201e+01
1.405013662711323796e+01
1.404942669460685067e+01
1.404877763067555918e+01
1.404805568776501623e+01
1.404740079539951836e+01
1.404789422053950432e+01
