1.009430759001950922e-01
9.855124676644760884e-01
9.853647628370254541e-01
9.860905041213571254e-01
9.868209953649571542e-01
9.867365884404105669e-01
9.862203835670216856e-01
9.857396535556887107e-01
9.860629080806392333e-01
9.848069640278958037e-01
9.856500877552755169e-01
9.862105294913550146e-01
9.871689949574534717e-01
9.853639006579999471e-01
9.864222364734968052e-01
9.867695416026150967e-01
9.866321629850978159e-01
9.852574087838057437e-01
9.860030824008622075e-01
9.862814576412264334e-01
