1.450362409268463326e-01
9.894982271770068616e-01
9.902182374529675535e-01
9.904908021747950153e-01
9.898582646302419574e-01
9.897768195976734962e-01
9.908014611670793448e-01
9.901893964204073750e-01
9.903151581661409075e-01
9.902064446769136552e-01
9.905784538694450969e-01
9.909292700576661783e-01
9.896825930576133024e-01
9.897218488339216691e-01
9.903669075526417842e-01
9.907770031498188690e-01
9.897806903782264687e-01
9.903937607354539319e-01
9.902156428622213014e-01
9.904561476285053123e-01
