1.463395720374929820e-01
9.872910221328524694e-01
9.892020474049452172e-01
9.907824245736068791e-01
9.899900235541929661e-01
9.895542268603769731e-01
9.894659466652605539e-01
9.906821512025199006e-01
9.909118003838576216e-01
9.903448840138664444e-01
9.909928226318998057e-01
9.896207875170861534e-01
9.901603304968729091e-01
9.906752236731798389e-01
9.904290284881061002e-01
9.898044521936041340e-01
9.907388653220667862e-01
9.906368190553612729e-01
9.904986260402255382e-01
9.898727909941428260e-01
