5.272220430249604378e-02
8.900895280680661825e-01
8.999374334597709524e-01
8.985133948547721072e-01
8.973547170363094239e-01
8.986607469630999434e-01
8.963826049162452181e-01
9.014800404129431621e-01
8.965920037587359337e-01
8.986882046508788413e-01
8.988513173821799374e-01
8.984759077564132834e-01
8.946134309501855286e-01
8.969981043975000512e-01
9.004454009655352698e-01
8.975201884351383663e-01
8.982932688134178667e-01
8.984843086428349057e-01
8.978363708638424923e-01
9.002739350090702697e-01
