4.032420938595062537e-02
8.509280720456687819e-01
8.785094000306484796e-01
8.771558378587730465e-01
8.779336476293111424e-01
8.767967414876637333e-01
8.793063063303642179e-01
8.772646433710402647e-01
8.775581587885424861e-01
8.771185181500715800e-01
8.773246634415493572e-01
8.779569564601447107e-01
8.782058289173543253e-01
8.772135722852887341e-01
8.808862765462638356e-01
8.769729466840047172e-01
8.757173065731942430e-01
8.765607482784356641e-01
8.765580678762487921e-01
8.752315872732615576e-01
