9.993597529663766466e+01
9.863666543051510871e+01
9.863101320866144306e+01
9.851053679348702019e+01
9.836259032035235350e+01
9.831913700576824056e+01
9.839584632079157700e+01
9.843086613241113980e+01
9.848413404007432348e+01
9.853640796037137761e+01
9.858924408055689526e+01
9.864536722941460312e+01
9.870746326736052367e+01
9.871079131223186209e+01
9.866936019339739516e+01
9.868452418471333942e+01
9.863280109798965611e+01
9.861739414201076670e+01
9.859391861239171817e+01
9.861984870265003167e+01
