1.112708113567728105e+02
9.952924694038367193e+01
9.926245827216926898e+01
9.884106508804782720e+01
9.872817783057507768e+01
9.874768885375678451e+01
9.875861677302231101e+01
9.879787939941905961e+01
9.886361828044037736e+01
9.881393307053718900e+01
9.883483528269886165e+01
9.879873753452332608e+01
9.879091834424241370e+01
9.882541648515191923e+01
9.882095012283639335e+01
9.883094233865965350e+01
9.883599998300660161e+01
9.885696031680890883e+01
9.883932497228754244e+01
9.884863131281598214e+01
