6.092583088719789181e-02
8.895613891881021251e-01
8.995261937651302109e-01
8.961868665150980462e-01
8.958484757605685855e-01
8.985798799855194696e-01
8.968341826308131592e-01
8.974415716386752173e-01
9.013116825893803252e-01
8.974397778788903990e-01
8.985856667856293445e-01
8.974783020886151208e-01
8.984123313704880376e-01
8.960853260996141101e-01
8.979907574279594185e-01
8.968495994472857058e-01
8.964900808815222666e-01
8.989888134740633419e-01
8.971965004489106388e-01
8.955270511518170773e-01
