5.933971005494805689e-02
8.899582619651604798e-01
8.994602342039328402e-01
8.966314222071054552e-01
8.956785714120462094e-01
8.969570035785556783e-01
8.965164073428015801e-01
8.990873902944127583e-01
8.952965478151792000e-01
8.978753139225015278e-01
8.982723111740100741e-01
8.975420582634823230e-01
9.015072580379239753e-01
8.999308340636620329e-01
8.996550730032930598e-01
9.002888047193384757e-01
8.999080763260186577e-01
8.963703373751977788e-01
8.972447599540297469e-01
9.007365252555487034e-01
