5.283404507403537814e-02
8.884612318160558520e-01
8.967941827487014850e-01
8.962217818714974804e-01
8.984848939676154389e-01
8.999155814223762651e-01
8.987311559614804546e-01
8.945545481872537730e-01
8.975137177510467135e-01
8.968751188656556295e-01
8.986183683430185587e-01
9.011515512187592281e-01
8.966904187051411013e-01
8.986865550723778240e-01
8.967265164009181611e-01
8.968445822736815787e-01
8.990021782214626667e-01
8.962868671532630005e-01
8.976905055019046564e-01
8.966339175456363719e-01
