1.056664255939131561e-02
8.176564376037577242e-01
8.363198488940348785e-01
8.400291706924188917e-01
8.407175489850559069e-01
8.415957766946938756e-01
8.370861110710321462e-01
8.401176598797301942e-01
8.417504507697549654e-01
8.389748179971421305e-01
8.392882027380281773e-01
8.383329263383429986e-01
8.394040589894572468e-01
8.404269826371159047e-01
8.437316090087350062e-01
8.413378151284310880e-01
8.401950237656272691e-01
8.396957765493856529e-01
8.436906632281574447e-01
8.416523835212558202e-01
