2.951265800692482594e-02
9.138853136609614847e-01
8.881218440415943327e-01
8.854540930940518750e-01
8.838954879598361902e-01
8.850110885993388576e-01
8.845346985172951593e-01
8.828473987798738376e-01
8.857461797160144368e-01
8.861892405110233240e-01
8.843461470793240187e-01
8.845691636439942940e-01
8.833673255900301724e-01
8.835449393177925437e-01
8.828865160886280039e-01
8.847236928498076747e-01
8.843332711019635806e-01
8.844967494497206761e-01
8.848052453130417216e-01
8.849960825861613589e-01
