1.365875714161114522e-02
7.944604858785710988e-01
8.433273583474860668e-01
8.391971881931127308e-01
8.418357042820957536e-01
8.380983565336707075e-01
8.419867436918646586e-01
8.386245433055871112e-01
8.406262478313378805e-01
8.410734631693249641e-01
8.383620693392892509e-01
8.373808328358306463e-01
8.377775045453392799e-01
8.422461742148765751e-01
8.408858143932510520e-01
8.388827926229865950e-01
8.397575088379801711e-01
8.397030133987142264e-01
8.389371771006812750e-01
8.387856438800396219e-01
