2.232536167168672897e-02
8.910088630613666183e-01
8.861742036982310777e-01
8.832106929335680201e-01
8.815671181239220777e-01
8.840993196905427842e-01
8.838752868250647765e-01
8.818693141173917782e-01
8.836498345768739604e-01
8.840716061889976052e-01
8.864263756813643980e-01
8.822401341422546617e-01
8.839313315523199543e-01
8.838273355726445901e-01
8.838846215150195640e-01
8.829682415516425520e-01
8.852322545248866303e-01
8.834139116861490226e-01
8.843255363360053023e-01
8.848823992019511087e-01
