1.241154954642938009e+02
1.399184383393185556e+02
1.402890543364755160e+02
1.404685552294513116e+02
1.404932669433004548e+02
1.408136549857458988e+02
1.407735724793204213e+02
1.406520452614046803e+02
1.405814130396419444e+02
1.407238344931777192e+02
1.406133101003320007e+02
1.406898508767090448e+02
1.406999048714420439e+02
1.407134570471177710e+02
1.406995638941261575e+02
1.406492731204048141e+02
1.406722130287786854e+02
1.406443538437855523e+02
1.406592981789796681e+02
1.406289073544718065e+02
