1.000000000000000000e+00
3.700000000000000178e+00
1.899999999999999911e+00
9.099999999999999645e+00
7.300000000000000711e+00
5.499982337896976325e+00
1.000000000000000000e+01
1.000000000000000000e+00
2.797206680470771367e+00
8.202761351860090144e+00
6.400616437835111583e+00
4.599875000120659863e+00
1.000000000000000000e+00
1.000000000000000000e+01
3.496369669211349063e+00
7.534019902828878124e+00
5.754868967973790106e+00
2.237391754801064447e+00
8.777570545190021889e+00
4.628892233257652755e+00
