1.064306715366317992e-04
1.287096540906795860e-04
1.720018564048955625e-04
5.809030968064923112e-04
8.868833133150501053e-04
1.761540244165162613e-04
2.849621052396883697e-04
3.289855962876533772e-04
1.012685402297426205e-04
1.000106748617563755e-04
2.280879378386238175e-04
3.364691970301211072e-04
1.957076527959419378e-04
7.025453062187444293e-04
3.112234227982271046e-04
4.400710692055067718e-04
1.933434672303319070e-03
4.531722359420094562e-03
5.031659865695333085e-03
7.410338650950935337e-03
