5.282111392527946289e+12
7.678630594680004120e+08
2.533757352222319603e+09
1.963385621099315286e+08
7.882309496734726562e+12
1.092633203076866150e+11
2.658489757811864746e+12
6.829633407891662109e+12
9.047645416410179688e+12
4.021332541856983594e+13
4.741905550679472656e+12
4.039451439884440000e+14
1.817326480798546562e+14
1.465966624010754000e+16
3.728750399984810625e+14
6.390261456209218000e+15
6.437207957172742400e+16
4.207851140960071200e+16
1.803304166030276000e+16
2.126123053990382800e+16
