1.501391617797501465e+12
1.070356075101019740e+09
2.728097705785864258e+11
4.511496687364549637e+09
1.266238077922400879e+12
4.172460494353825195e+12
3.328210040223653564e+11
2.603355072065875000e+14
8.280373833020457031e+12
6.940194645497868750e+14
1.824111900181842500e+14
2.270760819847400000e+16
3.344239729268919375e+14
4.472052721818093000e+15
1.018067820641341600e+16
2.242623698111422000e+16
2.010802439048920000e+16
3.574657578586338400e+16
3.651359489618052000e+16
3.870195837407813600e+16
