1.000000000000000000e+00
5.500000000000000000e+00
9.099999999999999645e+00
3.700000000000000178e+00
7.300000000000000711e+00
1.000000000000000000e+00
2.348751511700293282e+00
1.000000000000000000e+01
8.202702145303579329e+00
6.400693024371870266e+00
4.597393871536702648e+00
1.000000000000000000e+00
2.961487249630251117e+00
1.000000000000000000e+01
1.897356372437116745e+00
5.097971615030036929e+00
8.245121466450219927e+00
6.673233821232899210e+00
3.881406906435342030e+00
9.115572950577600864e+00
