1.477453046940978764e-04
2.547926823370778946e-04
1.382719166759222127e-04
1.001265748125539155e-04
4.072938787638012335e-04
6.221026465730388443e-04
3.488316411926653364e-04
1.326200158765091874e-04
1.083244432678951964e-04
4.653831332376461081e-04
8.889778228109526149e-04
4.879659938182311953e-04
2.425253123037468279e-03
2.247978525284930005e-03
3.693623417230561777e-03
4.332217347695217421e-03
2.336751848961755168e-02
4.002384408757399537e-01
3.893884211394717521e-01
6.321331572914827834e-01
