1.000000000000000000e+00
1.899999999999999911e+00
3.700000000000000178e+00
5.500000000000000000e+00
9.099999999999999645e+00
7.301309363099806937e+00
1.000000000000000000e+00
1.000000000000000000e+01
2.797266337600474717e+00
6.400738627377941192e+00
8.202776341628005952e+00
4.599892390538808939e+00
1.000000000000000000e+01
1.000000000000000000e+00
8.267565039730571996e+00
6.612047865046714712e+00
5.200904277597724779e+00
3.888903794480362386e+00
2.558581116137284006e+00
5.808672862929851632e+00
