4.167773659168141128e-04
1.491933648863100702e-04
1.108402688840650268e-04
1.280925575865152959e-04
3.628438532556999907e-04
3.851528405603932498e-04
1.051626554741448257e-03
1.969863975382267441e-04
1.233555385224429344e-04
2.188877806861417837e-04
1.271979640966661163e-04
1.199084667442064942e-03
2.775073132259285092e-04
2.720050235328559706e-04
3.345774288228334898e-04
1.211004209176827913e-04
1.705183411002644117e-03
4.394946089461968484e-03
3.160493747748281592e-03
1.933158644198014302e-03
