1.000000000000000000e+00
3.700000000000000178e+00
1.899999999999999911e+00
9.099999999999999645e+00
7.300000000000000711e+00
5.500064633821031279e+00
1.000000000000000000e+01
1.000000000000000000e+00
2.797048255425788277e+00
8.202718339954255811e+00
4.599570038902685454e+00
6.400019278769902620e+00
1.000000000000000000e+00
1.000000000000000000e+01
7.408433831057926078e+00
3.451011594786328907e+00
5.253053622661099098e+00
8.717008079238551588e+00
2.215245726266379833e+00
6.296966742946694673e+00
