3.984215025330731588e-03
2.622913317800137228e-02
4.665219531314569457e-01
7.784739791433368250e-01
7.987245381406797851e-01
7.973300925313629994e-01
8.009753634370064823e-01
8.049127388111451120e-01
8.070525911285891807e-01
8.044223695872713131e-01
8.072353795467959170e-01
8.109992507487843172e-01
8.070647571465261461e-01
8.114608912800057583e-01
8.093143314512097897e-01
8.100216076992491354e-01
8.071207375068072398e-01
8.077019116174875002e-01
8.046875713830367038e-01
8.041943189693687710e-01
