2.174256348336864406e-03
3.651984179383278156e-02
4.434356493555755563e-01
7.789133285652810601e-01
7.990453274769453440e-01
7.995396574882067675e-01
8.040749187004807563e-01
8.006784398355408783e-01
8.033096774862237277e-01
8.031969287546090186e-01
8.067687574721378319e-01
8.071279748973472223e-01
8.017448367595957359e-01
8.058863780569296420e-01
8.068123961355045948e-01
8.053516631011047311e-01
8.018885797375833180e-01
8.054406935778177790e-01
8.023301144538214080e-01
8.060703153208960137e-01
