2.223790600531845726e-04
1.447414851005865064e-04
7.767001907348756833e-03
2.439721969596539142e-01
6.791099960778622657e-01
7.254218942866926811e-01
7.299567827537247755e-01
7.309032186836215139e-01
7.338705743135307547e-01
7.352922089919053938e-01
7.385269429595295865e-01
7.340824898097939588e-01
7.345807520886473707e-01
7.391219041256589239e-01
7.310121371369785459e-01
7.394813710266239237e-01
7.357548319851575647e-01
7.362792264280295651e-01
7.438091784333435985e-01
7.463585275107640360e-01
