2.305181697035931421e-04
2.889150451904550290e-03
1.006746488681111995e-01
6.527190559853515150e-01
7.294603206416099273e-01
7.282466677837722280e-01
7.327850944159356450e-01
7.318281939215656173e-01
7.380233687169647228e-01
7.378777120487500785e-01
7.404925649417386513e-01
7.411766723004135082e-01
7.420987525520731376e-01
7.395960364219567040e-01
7.450912779569129896e-01
7.414639390521203799e-01
7.378944367564999052e-01
7.419738511729276897e-01
7.385986594860023402e-01
7.358725639535134144e-01
