8.315928074309711810e+05
2.156300681932380423e+06
2.629704389586266596e+06
2.669050096244005486e+06
2.683193269515560474e+06
2.696791841350253206e+06
2.704688827017979231e+06
2.704388532661863137e+06
2.705855142877141014e+06
2.707182061701285187e+06
2.708048838213284034e+06
2.712815390431939624e+06
2.713335497555078007e+06
2.711787630740718450e+06
2.711834340277279261e+06
2.712422227579696104e+06
2.712256978990976233e+06
2.711863509439896327e+06
2.712274886027247645e+06
2.712979759777987842e+06
