3.714356531003764651e-03
1.854962236257386154e-02
3.371853543718816293e-01
7.750883798278553893e-01
7.927419986403284602e-01
8.022179939706290952e-01
8.012654149735471965e-01
8.021774348425286805e-01
7.982219675143744642e-01
8.035909452784674167e-01
8.082987243125193677e-01
8.034683604768437792e-01
8.024854125281392081e-01
7.993950593058566367e-01
8.049865925307276848e-01
8.080893009796797921e-01
8.052363939290969608e-01
8.065163376386699223e-01
8.034622679429889169e-01
8.019660332124622926e-01
