1.204253166990007940e-03
8.445333975715391475e-03
4.103194757497241052e-01
7.251398713451258082e-01
7.367284117346071248e-01
7.392434041055930827e-01
7.421411238548442091e-01
7.439650589088333543e-01
7.473560717775883377e-01
7.447907388538451690e-01
7.439078826687440804e-01
7.363951265270725077e-01
7.453859597349918875e-01
7.465044899194096528e-01
7.443699049430149151e-01
7.404410618560233193e-01
7.421280251507154091e-01
7.456813906584638385e-01
7.412605772461217102e-01
7.435319824002633027e-01
