1.980126304937765934e+06
1.218365113493727054e+06
2.816683353915042710e+06
2.675613643183398992e+06
2.679015978824983817e+06
2.688599710701854434e+06
2.693698904500499833e+06
2.696579421708020847e+06
2.699892826441599987e+06
2.703818333933452144e+06
2.705582556619944051e+06
2.706283611515193712e+06
2.707879256699404214e+06
2.708337481427411549e+06
2.708527546720750164e+06
2.710157076444736216e+06
2.711726326137138996e+06
2.712732067553518340e+06
2.711844922291178722e+06
2.711141478798461612e+06
