2.751096444218359329e-04
6.580799655541662643e-03
2.703552108831241974e-01
7.594920257103863204e-01
8.043965107753798804e-01
8.064662958029307216e-01
8.008377487398992134e-01
8.109958056508561608e-01
8.061352484376147487e-01
8.069926735930401662e-01
8.095181711521997059e-01
8.090265918341734697e-01
8.060952895452982991e-01
8.093823443998473532e-01
8.049475173962140628e-01
8.072117360917330231e-01
8.055035262109335736e-01
8.088964299265384295e-01
8.076192737734790850e-01
8.035102170293652035e-01
