1.291940062140652835e+08
3.993451355582451448e+06
8.144616514534705877e+07
1.579680548950171471e+07
4.931009873991673589e+08
3.011621444000803471e+09
4.000896223456527233e+09
3.347533671664499760e+09
3.950617982247915268e+09
4.454635234246524811e+09
4.559260866896120071e+09
4.607127464746779442e+09
4.636526044355502129e+09
4.660792273695279121e+09
4.667933253171452522e+09
4.677233124709448814e+09
4.686351246075771332e+09
4.695025859331673622e+09
4.702317186070120811e+09
4.706565008768844604e+09
