5.517923454851652752e-04
2.543961402837640923e-04
2.239869389776676448e-03
1.175499844258446778e-03
8.128480333199956552e-04
5.996179015612564112e-04
1.046795906419892633e-02
2.704816198868616184e-02
1.313713054142172376e-01
4.771027746958373394e-01
8.492786969759429372e-01
8.753325049711162542e-01
8.718119534956737526e-01
8.412383070733278068e-01
8.885260843570877975e-01
8.997724649866882807e-01
8.719742956461936645e-01
8.851243122925207540e-01
8.973207364550944698e-01
8.862698359022237460e-01
