3.907126438859302998e+08
5.535634593800616451e+06
4.841899372046473622e+07
1.566841840453013033e+07
1.911760942206969976e+09
1.296681610690347701e+08
1.515933077989605904e+09
3.089614773153392792e+09
3.187374972217345715e+09
4.212346752107824326e+09
4.588829036942353249e+09
4.580292405988046646e+09
4.617286559911585808e+09
4.643442012003225327e+09
4.662627231958516121e+09
4.676318479563678741e+09
4.694478005108068466e+09
4.700752622981405258e+09
4.703740026499564171e+09
4.708457237386156082e+09
