1.406863554564700101e-03
5.636011861911815590e-04
5.488458294075715480e-04
3.352983427772338303e-03
8.993693293535985536e-04
7.638470930102140123e-04
4.705179158228054445e-04
1.159230750179806105e-03
7.350819605023890986e-03
4.145457575507609412e-04
3.045894793576363856e-03
2.323337427579129921e-01
6.269620609065118533e-01
8.509185149341438326e-01
8.365285100536666851e-01
8.739660679251565201e-01
5.642062618389134254e-01
9.019609395088615811e-01
8.985108837612891808e-01
8.874551996432705758e-01
