4.592816676991051217e-04
8.241967236418361450e-04
2.965913484168142787e-03
3.609767900300881100e-04
2.755958902646762215e-04
3.078100505055697740e-04
3.129315504340540732e-02
9.415502552744889342e-02
5.958595972493598847e-01
8.348421692649894421e-01
8.847895995851937645e-01
8.143499343624640563e-01
8.843524388116262847e-01
8.896975915304149440e-01
8.907179252230115196e-01
8.971375291463444812e-01
8.790490584916114125e-01
8.862960706447180481e-01
9.042626953835130044e-01
8.955911661360110854e-01
