1.986493072358042229e-04
9.306941300229123895e-04
5.592924000301440716e-04
1.071631001441835122e-03
2.876219743583307295e-04
6.814324185064825519e-04
4.236339964872224209e-03
1.046083759907537325e-02
5.605899605350837117e-02
5.042589920547401183e-01
6.852018605112231153e-01
6.834940276696245265e-01
2.864128630304358936e-01
6.923514863404683917e-01
6.830678939144164685e-01
6.703788660915612763e-01
5.982827689821673678e-01
6.506878380963885267e-01
6.643078571035564428e-01
6.534126339245907023e-01
