1.158563426413542971e-03
1.029957946160505838e-04
2.054191401517699159e-04
1.296088277596971000e-04
2.143055830402194970e-03
2.966959732852026267e-04
2.282048537755041514e-04
7.237922687135617435e-03
1.983959564884838628e-02
1.904792402367588289e-01
6.693690248373405094e-01
6.000735069694153045e-01
7.107578575264180687e-01
7.378579650961306635e-01
6.208412792247278711e-01
6.898098798265837051e-01
6.950518443602364815e-01
6.958208965035186377e-01
7.067488981766404388e-01
7.192942509514307359e-01
