5.660088884939289093e+08
4.324222493385093808e+08
2.797872973248855472e+08
3.130879481490131840e+07
9.483335175929011106e+08
2.495347783004977703e+09
4.907694020950925827e+09
3.517302111514623642e+09
4.236977983614900589e+09
4.539678358896600723e+09
4.614017664108555794e+09
4.648308656333566666e+09
4.665791742918560982e+09
4.688711616095706940e+09
4.698324824935912132e+09
4.707233517455349922e+09
4.718743213113284111e+09
4.726335902699146271e+09
4.728989216017711639e+09
4.728994608283387184e+09
