1.457625948502885056e+10
1.331334988097505830e+07
4.244605476825644970e+08
1.733883108858719826e+09
2.412340699679273987e+10
2.682634321504845142e+09
3.232274462320675850e+09
4.110930896662170887e+09
4.417021292212455750e+09
4.555124114296658516e+09
4.634177399845236778e+09
4.668520384100946426e+09
4.678266746049937248e+09
4.691588172500399590e+09
4.700855617621240616e+09
4.706159979350263596e+09
4.720583175431226730e+09
4.719684423311079025e+09
4.719681245394080162e+09
4.721852826865733147e+09
