4.601038307811046392e+07
7.403009656901007891e+08
1.368477192616654038e+08
1.594118470375544786e+09
1.215294798873601913e+09
1.620252043688131809e+09
2.252474205878213882e+09
3.239380226372696877e+09
4.154302081318504333e+09
4.446499275293982506e+09
4.552604705419997215e+09
4.600666021175389290e+09
4.631888451405763626e+09
4.661664098685252190e+09
4.675080194510362625e+09
4.685656918912585258e+09
4.699190648373663902e+09
4.709543035917006493e+09
4.713904967608584404e+09
4.716341565352424622e+09
