1.993416663066467534e-04
1.981368643627354816e-04
1.359915128667664637e-04
2.761551168520480449e-04
3.208144565321482348e-03
8.321623075392027905e-03
5.706914634677190401e-02
4.355913290250733594e-01
6.172407412695966045e-01
6.591633387451973913e-01
6.782582737404646567e-01
6.948360120101999549e-01
6.874488286760185307e-01
6.960499156675366006e-01
6.976426252766301239e-01
7.065385003096145144e-01
6.979886374813026872e-01
7.031237858994978662e-01
7.026050143983103569e-01
7.070351052566847816e-01
