1.203489082679318195e-04
3.398045862199252786e-04
7.015597825233308923e-04
1.345555911892954771e-04
1.560808870134382416e-03
1.249267885278286527e-03
3.497183578575525226e-02
2.011634589730101341e-01
5.178205447079629042e-01
6.553606700461828138e-01
6.675028378591275624e-01
6.809602200212196976e-01
6.935421809888807632e-01
6.976983924596397157e-01
6.932106991848091537e-01
6.938036737198715054e-01
6.997966175815585332e-01
7.054694725018132440e-01
7.132851901259374960e-01
7.112884283598455148e-01
