1.732208300488096591e-04
5.667143232597066094e-04
1.769156817096212550e-03
2.148986910167196087e-04
6.417475654149031560e-03
9.818608010503226263e-03
1.047031147416291330e-01
3.681491554479968675e-01
6.529360354267746969e-01
7.418638835049066182e-01
7.483854350011535095e-01
7.588056833904280873e-01
7.688955366771317301e-01
7.702877079786275560e-01
7.660354656138353979e-01
7.666381418103797030e-01
7.700384633262892242e-01
7.750107949760588477e-01
7.805456841779656596e-01
7.799676904744025085e-01
