2.589298100671478733e+07
3.717531735601748824e+08
1.245299113282784224e+09
2.310089996966171265e+09
3.319207618284807682e+09
3.990618310646861076e+09
4.310224357729993820e+09
4.528148334222446442e+09
4.625236723178901672e+09
4.655792291513254166e+09
4.691036450372703552e+09
4.705400629954226494e+09
4.720942879480289459e+09
4.731415898492813110e+09
4.735170281838619232e+09
4.737325412803285599e+09
4.734616571809753418e+09
4.738254494320008278e+09
4.736932729730348587e+09
4.742237169212736130e+09
