4.683248019707983607e-04
4.624558903004086078e-04
1.373926693579926867e-04
1.346198612623131154e-04
1.300462460855553214e-03
1.929498747514570727e-04
5.599799881595075076e-04
6.438630164609428393e-03
9.304277755910941167e-03
6.824402073377305866e-02
4.067063929661846600e-01
6.110756444567183587e-01
6.634692399280377462e-01
6.767377909525399415e-01
6.866519453970713061e-01
6.979881328141540608e-01
6.996839531777623300e-01
6.999865195517204208e-01
7.072536079355526972e-01
7.117354964464227551e-01
