3.211144619404233177e-03
1.845474038864802161e-04
6.597105102028485947e-04
8.435437163724033086e-03
3.289167315667200671e-03
1.937786729360391896e-02
2.661736012720648525e-01
6.192364524711087004e-01
7.312257140133796574e-01
7.493394875783579989e-01
7.622825891029545442e-01
7.685319214684124267e-01
7.721874311765916099e-01
7.727257179766009454e-01
7.704456387689129215e-01
7.713686119965630361e-01
7.780186093186453045e-01
7.785867136554956991e-01
7.759507763990020068e-01
7.792562079611208281e-01
