8.946005049697343445e+10
6.452753577233856916e+08
2.804638286772276855e+12
3.524736213079467773e+09
1.150139295589866943e+11
3.225515096795747070e+12
1.907099912730553055e+10
8.849683010868589844e+12
8.080622801468015000e+14
1.684512634575447266e+13
1.022377321452742750e+15
3.539001179281673125e+14
1.196311577242075800e+16
5.078649259660884000e+15
1.785482933117082400e+16
6.992875996226474400e+16
2.269266378213036400e+16
3.064432890867580400e+16
3.542968789324264400e+16
3.758848868046522400e+16
