8.167824183053646854e-04
1.049661745609946036e-04
1.268731845254282521e-04
4.472661864832485311e-04
8.476401737820479787e-04
4.768431785746239616e-04
8.324374521549032530e-04
4.889390886240179302e-04
2.471721788038655780e-04
1.856223013512230070e-04
1.162382507228458236e-03
1.046798974231686469e-03
2.916017278329231647e-04
1.141910763425416954e-03
9.767931150202911403e-04
4.125019118029867732e-03
3.173102027436863239e-03
4.669681801872679894e-02
1.836410225695217502e-01
3.671491933586166212e-01
