2.604542189138557085e-04
1.304587411501515761e-04
1.529547112929303845e-04
1.001334923037598088e-04
4.460242802134536748e-04
5.818367189712898022e-04
2.479467926801291917e-04
2.347944467421102938e-04
1.482000465751455117e-04
1.111032087910768153e-03
2.809141134335757929e-04
3.606063342167751011e-04
1.733251673998006167e-03
3.349612815019927924e-03
7.920689278121910556e-04
2.393731397658216322e-03
1.753956789596749404e-03
1.337808759426103392e-03
3.478274723453315433e-03
3.774290207495063082e-02
