1.985518929701008480e-04
1.075254898611596635e-04
2.632582275951112069e-04
1.054676724008452471e-04
3.901592589547869783e-04
7.865213811927956314e-04
1.135280445306388619e-04
1.192405295731416629e-04
1.705123927859686773e-04
1.023715953578872975e-04
8.343157875526512101e-04
4.165163209402662466e-04
2.017294699073066350e-04
3.026863401900126973e-04
8.980439952468343345e-04
7.267528101138312664e-04
2.083496500870218350e-03
3.765965972339357058e-03
1.161559002795212181e-02
7.896462883531275845e-02
