2.461247625505896927e-04
1.020782039387356575e-04
4.804384537445394155e-04
2.442460514894481682e-04
7.715184078191580095e-04
3.924071112901542828e-04
4.078892984654270207e-03
5.010225479640675146e-04
1.646309323782572302e-04
1.527249458496152340e-03
9.498489825153424038e-04
1.327979585605163447e-04
4.595601835224679180e-04
2.466138418681038721e-03
3.722975437628117993e-04
8.762549914923419697e-03
2.230180905352328879e-02
1.764259821070492118e-01
3.736774744659607794e-01
4.376421932759876898e-01
