2.974483086664173655e-04
1.048768925820089455e-04
1.263336316990477644e-04
1.041888901596896923e-04
6.783159457724266019e-04
2.648175931850130270e-04
2.223283409202634448e-04
9.405726527349291292e-04
1.836384843392633768e-04
2.458487189226887500e-04
1.448293566177806806e-04
1.750939286721199973e-04
2.594770969880315749e-04
5.734536319776744294e-04
2.718875455303605302e-04
3.832589298702616097e-04
7.344299153793478266e-04
3.326958860370073448e-03
5.712819009797443295e-03
1.980037274665038399e-02
