6.303535897644657257e-04
5.243833092654990712e-04
3.954913112980660856e-04
2.549469724060916646e-04
1.437827969355995837e-04
2.290422251097064222e-04
1.874674691100621285e-04
4.921866368797044988e-04
2.416673800264191978e-03
8.829741754614499685e-04
2.305874575079510454e-04
3.587110597747991529e-04
1.126310001147318727e-03
1.820518620273200126e-03
6.740302487484156439e-03
4.828021292071841587e-03
1.819073171069496980e-02
7.971686591332088900e-02
2.312781034246305378e-01
4.023514469566976115e-01
