5.649665717444856262e+10
9.147976788232841492e+08
5.732287354372550781e+12
5.027715130282622528e+10
9.896314817574169922e+12
6.031365299466443359e+12
3.084869133089297500e+14
4.760303460304218750e+12
2.996220218926428000e+15
7.208138005090293750e+14
2.563679369378419600e+16
1.882497284109488800e+16
7.259322160140769000e+15
2.807293400570804000e+16
3.615019780562408800e+16
3.692333198803662400e+16
3.884397316819570400e+16
3.883484573646540000e+16
3.954400700526843200e+16
3.986511719919705600e+16
