7.353756586640023806e-04
4.495065746712810853e-03
3.618190087013921363e-02
7.568586330530182593e-01
8.091776682899658457e-01
7.905354169014732202e-01
7.492510703679025053e-01
6.399283889716513851e-01
5.703963502775680761e-01
7.434972542405260398e-01
7.273885675007611962e-01
7.690687595356159312e-01
6.322776326296400962e-01
8.015388468886972539e-01
8.082838038961385196e-01
7.819024986922314957e-01
8.250668976074845284e-01
8.136313541032871299e-01
7.812679266498110398e-01
8.053791989195943080e-01
