6.539865614097089327e-04
1.301202410499367138e-03
3.177295645028208743e-02
5.018488748385394604e-01
7.115597310269079490e-01
6.407155961091683949e-01
8.191797761607056971e-01
5.365200415417324953e-01
8.065593549929628292e-01
7.573922444651390862e-01
7.687631167830937251e-01
7.414739627047149950e-01
7.290083122601447307e-01
6.541368463702242897e-01
7.995784089179378551e-01
8.096332375697310457e-01
7.799044948179443271e-01
7.405239762505243517e-01
4.330301778821424863e-01
6.935288988540647681e-01
