9.049546451838693523e-03
1.648765858906407755e-02
3.105433621462124205e-01
8.430102892582427287e-01
9.198594986130893547e-01
9.037727933249547485e-01
9.169491691127245048e-01
9.177522174573063962e-01
9.100284149066220074e-01
9.011640566477521208e-01
9.097844302983296716e-01
9.158942320626216604e-01
9.082642752979557255e-01
9.234375748851758603e-01
9.220871557520864403e-01
9.025728737797530377e-01
9.254555463192842835e-01
9.208632990363996296e-01
8.919139298934902760e-01
9.077065470751110032e-01
