2.916918031977911753e-03
1.061879497566696777e-03
7.968978808932192237e-02
1.550527305885904539e-01
6.891340580935596538e-01
6.827326978144319103e-01
7.832514520497945165e-01
6.066936874400329360e-01
7.278765211076271280e-01
7.675423277944304346e-01
7.555296535530429125e-01
7.892321980351229005e-01
7.721844590806541397e-01
8.241932135109242274e-01
7.410143519738245921e-01
7.653417129501384197e-01
1.143419686226721521e-01
8.075322515194084394e-01
5.427581104700389680e-01
7.062967047287197486e-01
