1.031834794499816722e+06
3.050580817016283050e+06
1.812024659828535514e+06
2.467422003171056043e+06
2.670208846797139850e+06
2.677769541339433752e+06
2.691655758838978596e+06
2.697334889651216567e+06
2.701315000770306680e+06
2.706680347466204781e+06
2.707742427294538822e+06
2.708948760099492501e+06
2.708891048203210346e+06
2.706911515814831946e+06
2.708218823065837845e+06
2.707418668358130846e+06
2.707815268189193681e+06
2.708602892307973001e+06
2.709489347899714019e+06
2.710791180574791040e+06
