1.469208788435765085e-03
1.248029581975058531e-03
1.232374370486568347e-03
1.494435912247037796e-03
3.426694018827234245e-04
1.958986430237039046e-04
2.726624721533001290e-03
5.777140717453666842e-03
1.306540032865221787e-02
3.158605014319929016e-02
3.515113955886078889e-01
5.246622425190882177e-01
5.481212706961757775e-01
5.585084370285787747e-01
5.520510378691564357e-01
5.567953681457306070e-01
5.589045356146864485e-01
5.607910118253954801e-01
5.640213393055301117e-01
5.646554964578619495e-01
