4.062984782858684624e-04
7.274515073189493806e-04
8.936442695547212878e-04
3.725052424109101101e-04
1.348565167423434194e-03
1.255595843883794253e-04
5.346375406809539179e-04
1.341073967395481239e-04
2.315402764813944640e-03
2.977312094768160087e-03
1.454059198530052895e-02
2.464021527792836508e-01
4.809199726598210045e-01
5.358987504959407122e-01
5.452736490740632824e-01
5.581838626784648705e-01
5.536845825546675703e-01
5.542436129836525449e-01
5.595512577892362005e-01
5.675855579684515595e-01
