8.761987744833330810e+07
2.918214014316281676e+08
2.436235583067559823e+07
8.690024607770150900e+08
4.048195013959442377e+08
2.663996029057656765e+09
4.819089498575319648e+08
1.469518776093138933e+09
2.168383395201986313e+09
3.557661178019478321e+09
4.081563841935770512e+09
4.359734305264930725e+09
4.508175760949644089e+09
4.565872414166183472e+09
4.612065705721540451e+09
4.635514863141712189e+09
4.652400303077978134e+09
4.660431988246039391e+09
4.669691080175402641e+09
4.688023225483175278e+09
