1.910658384918194298e-03
5.138848662469839082e-04
1.540360025862254345e-03
1.557493607327765407e-03
1.858999352698765661e-03
1.671955085760209515e-04
2.629285060038458882e-03
7.484748457250747083e-03
2.502624465587466665e-02
2.428756506149500616e-01
5.310798167605261799e-01
6.066767569642373958e-01
6.236831077800358836e-01
6.173397302667718023e-01
6.160247902739328651e-01
6.292341270360218841e-01
6.218525519753143049e-01
6.211534139595007442e-01
6.251845572585873478e-01
6.263758015604922180e-01
