9.815265678317872458e-03
2.329196269785138718e-01
6.657922428649865054e-01
6.851749381699667740e-01
6.780245766256511875e-01
6.838749216536919029e-01
6.824795284826099540e-01
6.869240785496545376e-01
6.803622634331235597e-01
6.838657656517116434e-01
6.786618471138744502e-01
6.855621394591536744e-01
6.817073491911832539e-01
6.781853786294343989e-01
6.784113620843753578e-01
6.853186603578431679e-01
6.802051613735184965e-01
6.869805027780536699e-01
6.865190129334088898e-01
6.810428143765288045e-01
