2.665217397894538605e-03
9.799824547361891958e-02
6.244094145290222109e-01
6.356498826077054964e-01
6.341408377057577983e-01
6.387518284253003165e-01
6.341595624539408949e-01
6.362111853450597154e-01
6.412516867608153426e-01
6.343920840135324202e-01
6.407629566706949387e-01
6.313393723089011367e-01
6.357413982110774464e-01
6.346026702262714814e-01
6.322383506470341530e-01
6.368143783036105399e-01
6.409918674757308921e-01
6.374316638781419853e-01
6.403855285808348619e-01
6.385193252151777354e-01
