1.252250340274463662e-03
1.442748345479753502e-01
6.672708526500823467e-01
6.824510146825628620e-01
6.812544707767937968e-01
6.831631673274504157e-01
6.817423488824227995e-01
6.836711294461073063e-01
6.769571592810642580e-01
6.791903504020303517e-01
6.765940707799780185e-01
6.777906748071573784e-01
6.866517367619553447e-01
6.876448908279398919e-01
6.811194023865271285e-01
6.752184811957714361e-01
6.811215096339285902e-01
6.855596356752895471e-01
6.804253327571359033e-01
6.851955965410599925e-01
