1.024677278213499548e-01
9.798379953624469785e-01
9.826133923946843707e-01
9.843399466822412291e-01
9.832225780792154257e-01
9.842280921963769691e-01
9.836535310342133798e-01
9.830818436993370435e-01
9.837029834484461999e-01
9.839760814580346127e-01
9.833458287684522237e-01
9.831114704212470246e-01
9.835660456208239477e-01
9.837240508994946619e-01
9.830752525554135035e-01
9.835896196373975497e-01
9.834007261161687996e-01
9.823514114668098207e-01
9.819858319176864025e-01
9.838207098477340651e-01
