9.930561662032125203e-02
9.772790475667232357e-01
9.827137074259363336e-01
9.825361781205571576e-01
9.816716685591772018e-01
9.830411457630704453e-01
9.829088868956483704e-01
9.827185289119648726e-01
9.825852520734342788e-01
9.823202220255982109e-01
9.830327232989659603e-01
9.828689847754007447e-01
9.830941610774002193e-01
9.830717964943728182e-01
9.821461631725095787e-01
9.834458670050538753e-01
9.823944628502697674e-01
9.818694166583846750e-01
9.826151462280037219e-01
9.822370459191307468e-01
