1.109797882322900303e-01
9.818439198109283339e-01
9.833460548142035629e-01
9.848333388317165316e-01
9.824940599088570758e-01
9.830620011543833581e-01
9.830924670998626436e-01
9.823617345272576129e-01
9.826561053725292316e-01
9.834575447588735919e-01
9.837260641398020145e-01
9.829437916249440521e-01
9.824807173379530578e-01
9.834072231273780496e-01
9.836796714423164945e-01
9.836781651388579739e-01
9.831589744659946506e-01
9.831053101806976890e-01
9.826151605161840275e-01
9.829137138912019678e-01
