1.455780537807924269e+01
1.407231975916720401e+01
1.407092668047710049e+01
1.405731695251617275e+01
1.405618986559834838e+01
1.404739417229119880e+01
1.405075621218801452e+01
1.404556374940888119e+01
1.404521547116916658e+01
1.404544786343702434e+01
1.404224178246667165e+01
1.404130200276424212e+01
1.404283919776568368e+01
1.404134927921560383e+01
1.404213118005268512e+01
1.404131364148377692e+01
1.404400612810829863e+01
1.404420403206063561e+01
1.404474529636237001e+01
1.404632784213949748e+01
