1.397402940216146305e+01
1.405527511917554051e+01
1.405297145755972821e+01
1.403817029306425290e+01
1.404866846540954484e+01
1.405039281988411126e+01
1.404910191148828602e+01
1.404700182228306637e+01
1.405339298092424372e+01
1.405490078094039141e+01
1.405500171276096921e+01
1.405687193002501623e+01
1.405704491529780675e+01
1.405781710254172800e+01
1.405692934178090958e+01
1.405690002215664158e+01
1.405885227535244653e+01
1.405755591364754942e+01
1.405738020402960764e+01
1.405454507923919039e+01
