1.010446338823017959e-01
9.820751729488315096e-01
9.817379132035588540e-01
9.827519236057195018e-01
9.830329804127149185e-01
9.831324145172773976e-01
9.833683855905361870e-01
9.831218217839341467e-01
9.829826249899006330e-01
9.830077735187709997e-01
9.831866999348541913e-01
9.829817787727478384e-01
9.835334264035430207e-01
9.825633898179254588e-01
9.830821479791226336e-01
9.838136873306192465e-01
9.837507384580942427e-01
9.824863215715091691e-01
9.824737073896238071e-01
9.835299323108915859e-01
