1.050623230071788261e-01
9.817511475306104352e-01
9.815574992291442591e-01
9.831083646856497715e-01
9.829744197161414121e-01
9.831182488611186487e-01
9.818406131152749294e-01
9.812877879463682840e-01
9.825120450326154664e-01
9.818479400892092812e-01
9.839744932059708571e-01
9.827122536714760770e-01
9.830388473738063126e-01
9.827546448048137817e-01
9.837558191515475281e-01
9.827206341381360399e-01
9.836615660523881921e-01
9.836022689007452025e-01
9.830070151258371025e-01
9.837866483919477378e-01
