1.046872480866765515e-01
9.829175220968192628e-01
9.861915747098527474e-01
9.836268565710493128e-01
9.832540988489516520e-01
9.828547434385566106e-01
9.825820019828960250e-01
9.828462333075324020e-01
9.826425785537776791e-01
9.829178219036632802e-01
9.832385946727363324e-01
9.833025469235158189e-01
9.824667800780139126e-01
9.825768702056181247e-01
9.824662054414804446e-01
9.824948785678209173e-01
9.830046456278515032e-01
9.825768387830451367e-01
9.826631072219051966e-01
9.830622320657014246e-01
