1.039092251256606286e-01
9.832317857545677109e-01
9.816790081902599940e-01
9.836370533302021268e-01
9.822083777693649820e-01
9.831495909187580873e-01
9.833061914047528385e-01
9.824389107658704212e-01
9.829868547891409403e-01
9.827535243195359982e-01
9.820268341015603308e-01
9.840014383022941402e-01
9.830051819271464764e-01
9.825545267141213568e-01
9.826095697450182298e-01
9.833693275388336597e-01
9.823360402218235254e-01
9.829247947837058685e-01
9.833996556357508245e-01
9.824433513134364082e-01
