1.448793791413057475e-01
9.843572575893553278e-01
9.892468565732625008e-01
9.888624906477997412e-01
9.885963391057932537e-01
9.881464625768202614e-01
9.893601425895180990e-01
9.885436829740101849e-01
9.884532953931610688e-01
9.894778769663193918e-01
9.889129225508208609e-01
9.897324818111270517e-01
9.898988099272854058e-01
9.887707499490140384e-01
9.897301075427604733e-01
9.889117285066135743e-01
9.895301617271808903e-01
9.888206300493368461e-01
9.888093931593682218e-01
9.895041625908028715e-01
