1.321112442989413616e+01
1.401254607447435774e+01
1.403813253540822537e+01
1.403515860627298295e+01
1.404153678127292615e+01
1.404275716951636532e+01
1.404156216306371441e+01
1.403901421213614142e+01
1.404281224935220784e+01
1.404204295845277350e+01
1.404340916040286302e+01
1.404453105450830108e+01
1.404720245468629969e+01
1.404944731560948590e+01
1.404738251482861422e+01
1.404481922166328545e+01
1.404434432930576904e+01
1.404619907298511094e+01
1.404422319397590968e+01
1.404443464810052156e+01
