1.459534617131913181e-01
9.875995106146494562e-01
9.893532852475015460e-01
9.896585931626132870e-01
9.889958617423492138e-01
9.886533131600315771e-01
9.885815454049240447e-01
9.898913739035286596e-01
9.891273488375956768e-01
9.891808574068188253e-01
9.888537990249451903e-01
9.891945824571197754e-01
9.894390013997834687e-01
9.888128997922038810e-01
9.893432854367547602e-01
9.889980937326063870e-01
9.895544334271945131e-01
9.890230950607830085e-01
9.893178612018651563e-01
9.894886550404335956e-01
