1.396356603568804089e-01
9.882579348374337380e-01
9.882133690433170248e-01
9.888062958758474519e-01
9.881061552305137052e-01
9.887653195764720682e-01
9.883940090618716923e-01
9.889267245384081306e-01
9.874658896223896809e-01
9.892308776213492028e-01
9.894349728097117103e-01
9.885590979093471509e-01
9.880360681901469988e-01
9.891750306037635498e-01
9.891272937752743077e-01
9.892830295337579072e-01
9.893031577919252362e-01
9.890983129086257097e-01
9.892477428092516512e-01
9.882878733699715923e-01
