1.464525258730806079e-01
9.834377891997390098e-01
9.888480926964406947e-01
9.888367698543157891e-01
9.888096920019392444e-01
9.897839822223118977e-01
9.888815458577213668e-01
9.884876987728410391e-01
9.890381479659070552e-01
9.889419779150665502e-01
9.892588602541697584e-01
9.890723400453468317e-01
9.886070380283581427e-01
9.890829595956192044e-01
9.890306191799309588e-01
9.884598350983593296e-01
9.888044029736721141e-01
9.895565247858740809e-01
9.886800491137012203e-01
9.887774691317785525e-01
