1.064674756097597069e-01
9.823767697406405874e-01
9.832360143740761504e-01
9.814644355614863258e-01
9.817574518481135826e-01
9.817830754763594570e-01
9.826443534867600471e-01
9.826562987308805619e-01
9.829797510183962972e-01
9.822953039209251225e-01
9.822182306476363589e-01
9.823642914311681018e-01
9.820521756917697243e-01
9.829004859400893857e-01
9.831069712861425502e-01
9.826551861099140917e-01
9.824999110439887051e-01
9.828525974509479957e-01
9.831600386459157237e-01
9.827622602634601412e-01
