5.326293896833691406e+02
1.574046033383925236e+00
6.837019787711164920e-01
4.471842079388442803e-01
3.070246372231080212e-01
2.709068509095906019e-01
2.294386742111968469e-01
2.122885060286415770e-01
1.877151048983254633e-01
1.928854349529969536e-01
1.846879999771678937e-01
1.637277418085796299e-01
1.535223087258036634e-01
1.306639796200936010e-01
1.218201147809758328e-01
1.076532750781093034e-01
9.828090134627506802e-02
1.001246979719422336e-01
9.449579932975434027e-02
9.032534451656155927e-02
