8.827996515336356117e-04
2.220904773973088608e-01
8.463544707624020003e-01
8.554067479419554809e-01
8.563783827500920376e-01
8.566634111619105818e-01
8.500649051937525513e-01
8.547814572785555898e-01
8.536001273813692558e-01
8.524669418703958446e-01
8.541065788147723659e-01
8.581345860698260664e-01
8.547813458309765355e-01
8.579880579070954250e-01
8.541227748507894679e-01
8.567669275141048812e-01
8.610525329497261682e-01
8.545240510143492507e-01
8.513129158818386610e-01
8.611199456849756295e-01
