1.703535098116756505e-02
3.551765303344496250e-01
8.770705263004449082e-01
8.836656457502870543e-01
8.873244232096909601e-01
8.888117205844073831e-01
8.855841396872482507e-01
8.892648208554818634e-01
8.904131389607135016e-01
8.905923225507633711e-01
8.860116186706513686e-01
8.872534176670376915e-01
8.896224058708817051e-01
8.858355739134095019e-01
8.909993106113414107e-01
8.881555593652847858e-01
8.881327214104817180e-01
8.880948004687087005e-01
8.872011797620549256e-01
8.870510161181737185e-01
