1.082461397285224166e+03
1.551248242789538153e+03
1.604214117732895602e+03
1.617672847767511485e+03
1.616402683724461895e+03
1.619593862110162945e+03
1.621107129820253931e+03
1.621174034925596516e+03
1.622401828795156462e+03
1.622174774274725678e+03
1.622354118961709446e+03
1.622337565376005614e+03
1.622257642932143654e+03
1.622790218945995548e+03
1.622674738569149895e+03
1.622915038078971293e+03
1.623084104150465009e+03
1.623688616944560181e+03
1.624081522215659334e+03
1.623860243908122811e+03
