1.164936351732344909e-02
4.321417016538712241e-01
8.888921859506878631e-01
8.862354462375190423e-01
8.889678423853440981e-01
8.878028021789879931e-01
8.891345697676911186e-01
8.871251398036151814e-01
8.910844711949741370e-01
8.875312489600232224e-01
8.858024484517207364e-01
8.888163252292164973e-01
8.873482041230823514e-01
8.873070312349519151e-01
8.867178171807001963e-01
8.886339456346955545e-01
8.882613245602027918e-01
8.902110483039848976e-01
8.894225037772088838e-01
8.898206281142165830e-01
