3.261276902036243028e-03
3.501330058850494753e-01
8.832262035869932193e-01
8.854306616714577860e-01
8.875137895260619691e-01
8.871959213607102379e-01
8.875307699397888550e-01
8.887402165491218309e-01
8.860887140618280977e-01
8.935691219512679195e-01
8.862185599983939399e-01
8.890479785835428972e-01
8.874839306033420749e-01
8.901993735754839543e-01
8.882734529503361065e-01
8.870624548476202520e-01
8.864014038285416008e-01
8.906166841776085308e-01
8.903968135980127041e-01
8.870531960034464536e-01
