4.212533935285976347e-03
2.754184482920236099e-01
8.753246633189306625e-01
8.861170286432230592e-01
8.853601337061913767e-01
8.887113633381312772e-01
8.885700877067044257e-01
8.890749462526296165e-01
8.882941638479857627e-01
8.876859762252452546e-01
8.873634290321615881e-01
8.875299531374488682e-01
8.882788759680033674e-01
8.882358853473796279e-01
8.888739135515432155e-01
8.913626671620894504e-01
8.871570616946774512e-01
8.867803513220955391e-01
8.871888488214374480e-01
8.846000400388557283e-01
