1.081105661594822243e-02
8.556076023069217884e-01
8.959509404047266701e-01
9.001267528245778804e-01
9.016903897234850307e-01
8.993655119910656248e-01
8.993097010481780895e-01
9.026269998173349629e-01
9.045369324944017020e-01
9.001635341470023421e-01
9.001075618528308064e-01
8.995327025729652481e-01
9.002220419569052501e-01
8.996962117882298937e-01
9.018745516625251701e-01
9.007846527432268324e-01
9.024852048810241278e-01
9.009378821109212954e-01
8.971143326606326740e-01
8.993050970152765000e-01
