1.880202336944744275e+02
1.905583880096700398e+02
1.902529894031081596e+02
1.900131912661493061e+02
1.897645267370947408e+02
1.895410978780153926e+02
1.894117295670245937e+02
1.895854787812929771e+02
1.896016192321939684e+02
1.894266201973123600e+02
1.894870701629174619e+02
1.894026581541041594e+02
1.894602889005439010e+02
1.894800008096658530e+02
1.895758925793147682e+02
1.895154668193619045e+02
1.895099894369110984e+02
1.895129174162435390e+02
1.895042782589758303e+02
1.895249653458437251e+02
