1.739153309378824872e+02
1.886847408162034014e+02
1.891465385280399687e+02
1.896522178151524258e+02
1.898826813079361386e+02
1.900702862890243807e+02
1.900772824107586132e+02
1.899193790920759852e+02
1.899816555203718167e+02
1.900341736225038858e+02
1.900192208263510736e+02
1.900767910062900228e+02
1.900163728029761216e+02
1.899253278165507766e+02
1.898509264666062961e+02
1.898957277832283523e+02
1.899033662228791570e+02
1.899138457630386654e+02
1.899212134190930783e+02
1.899161511472748600e+02
