9.212270703310477399e-03
8.385356404927852836e-01
9.010807603169418423e-01
9.024534008296216658e-01
8.994127152940939451e-01
8.996737293503560551e-01
8.993161396176896361e-01
8.986629838512901758e-01
9.010487521382062326e-01
8.979551597834701804e-01
8.979527998231245922e-01
9.034677217326038123e-01
9.004790450123882906e-01
9.019032486825219186e-01
8.998232409848777591e-01
9.016427606943613338e-01
9.009289815962299164e-01
9.013840599751237193e-01
9.017680032976684856e-01
8.995553718298701096e-01
