1.130571719084468886e-02
8.604415483120197994e-01
8.960341659167543327e-01
9.003938483749466259e-01
8.987893287656570918e-01
8.998327447580057870e-01
8.960920253408082292e-01
9.032232662992299987e-01
8.997965036208322998e-01
9.017485212767233360e-01
8.977234849336266365e-01
9.017805681015008679e-01
9.051755918731946293e-01
8.948473269907014638e-01
9.001569234296050714e-01
8.997598326584425044e-01
9.008917912813265705e-01
9.020974185933723355e-01
8.988276213204939857e-01
9.020512228012745881e-01
