2.078315122772727932e+02
1.888306528594270617e+02
1.893014689429405735e+02
1.895864763074180246e+02
1.896635173752393086e+02
1.896174503906004531e+02
1.896648402214399880e+02
1.896234656662881264e+02
1.896290395850873267e+02
1.896337313899372248e+02
1.896192357291890005e+02
1.895612642199932054e+02
1.896938936651047811e+02
1.897491972024532458e+02
1.897878655832689390e+02
1.898199854685070420e+02
1.898220583984091832e+02
1.898526769075210723e+02
1.898499340078045634e+02
1.899147956752345010e+02
