2.246451250022717117e-02
8.971820413193698496e-01
9.226930300188996847e-01
9.226398242881576062e-01
9.206508036934861750e-01
9.212362262910510635e-01
9.231034424345362366e-01
9.221960614958166769e-01
9.236541044493910002e-01
9.223636945057278602e-01
9.235559406995664800e-01
9.231589918798103200e-01
9.237642225500442006e-01
9.223566177854460868e-01
9.210147004402655657e-01
9.186833784222828703e-01
9.221485029720719595e-01
9.250085532210443606e-01
9.230021698044300615e-01
9.201506784640501868e-01
