1.008737580661386336e-02
8.554583950462040232e-01
8.999118187502789246e-01
8.989870432253114219e-01
8.986266046790181150e-01
9.021643122071216769e-01
9.002597833487636647e-01
8.965736917453651644e-01
8.974418687530442140e-01
8.992858573204165484e-01
8.981843749346294370e-01
8.998641139538826605e-01
9.020339123916768509e-01
9.001199739134214672e-01
8.997473809832913227e-01
9.032072713630602268e-01
8.995752883852259352e-01
9.007862940751983905e-01
9.000837997977917393e-01
9.010686026377398017e-01
