1.315213068708275500e-02
8.696650060189983211e-01
8.965836059047078699e-01
9.009510421691809823e-01
8.976095880048535758e-01
9.037735728546584246e-01
9.013849781172407205e-01
9.030390216114112523e-01
9.005227141414648973e-01
9.014809596746991005e-01
9.013068646114617000e-01
8.989751209524584619e-01
8.981038252543583900e-01
8.948841242051412959e-01
8.985959489965466007e-01
8.988234660646557961e-01
8.995038646409130312e-01
8.989865657276090438e-01
9.034169748709204306e-01
9.025758192394410795e-01
