1.903820145184847377e+02
1.908188134479692906e+02
1.901940243022336290e+02
1.899385345104747387e+02
1.898199086702362024e+02
1.897021659337232506e+02
1.897764294779316003e+02
1.897171271617746697e+02
1.898995710894183446e+02
1.897813610886488220e+02
1.897668171838737976e+02
1.897078522563350020e+02
1.897469145710618079e+02
1.897429421016733500e+02
1.897234013271630317e+02
1.896923304082506547e+02
1.896669762813118325e+02
1.896729359918454065e+02
1.897119722106085078e+02
1.897024546209456730e+02
