1.119008524298897508e-02
8.391626261959209687e-01
8.981135468452859927e-01
9.025683263620948305e-01
9.021739442769740602e-01
9.003176415094322760e-01
8.982620740051511232e-01
9.003723018485065843e-01
8.985051243536716914e-01
9.024603986680364009e-01
9.006590892336800991e-01
9.016340867120203884e-01
8.988912761401478546e-01
8.974213467591075633e-01
9.036302263647071342e-01
9.039393538011427642e-01
8.996547025649088702e-01
9.013797428366040476e-01
9.006376064927065217e-01
8.970585616291766318e-01
