5.233717218588999909e-02
8.060208034599147808e-02
6.088853947255020715e-01
7.541112406103761545e-01
6.539820815533122778e-01
1.535580929739222833e-01
5.959511942176268784e-01
2.350677532931040314e-01
6.962805175450070827e-01
6.026301664745706832e-01
7.021695956092310897e-01
5.178869261829336379e-01
6.759491347536148442e-01
6.390250356265952947e-01
7.333734108401099849e-01
6.306851056534922284e-01
1.962640372387002563e-01
5.274431702087261087e-01
7.261503319261126688e-01
6.663435017893750700e-01
