1.007482545240931415e+02
9.912052143625429323e+01
9.864332752178694363e+01
9.874370074657275609e+01
9.874409496414912724e+01
9.901154894500534454e+01
9.900978173919858705e+01
9.882687520650087265e+01
9.883273652330154846e+01
9.880826240211558797e+01
9.883684208560667628e+01
9.876385222174195633e+01
9.869860628766775790e+01
9.867576794487514746e+01
9.874446133421844252e+01
9.878369145746255242e+01
9.867876421485017602e+01
9.862419757973572132e+01
9.860927784347937575e+01
9.864163745951179862e+01
