4.682581535224443481e-02
6.735530615917373343e-01
6.448393273765171685e-01
6.947735519542630467e-01
5.417255987261982986e-01
5.525842832860444753e-01
5.297571008264206904e-01
7.411816528249448588e-01
5.388080313135837907e-01
1.008693660640882367e-01
5.921588603139076312e-01
6.774085701253804714e-01
3.982958290263114431e-01
3.056787533674704127e-01
6.503496821868931521e-01
6.766354299957568763e-01
4.929564334343382592e-01
3.952413863113252712e-01
4.338661732117968794e-01
7.095870397935133411e-01
