5.955281782036737914e-02
6.820570610459926186e-01
3.075832001367037605e-01
5.496113276875393971e-01
4.496727110337973565e-01
7.406569756270282578e-01
7.296958355250242612e-01
4.137089405618987192e-01
2.894824956362349044e-01
4.426134361304043807e-01
5.163874213896980647e-01
5.982366537959764585e-01
6.931670318595187785e-01
6.827095029402876492e-01
5.217112932205785203e-01
5.014330865979222951e-01
6.992679816657126901e-01
6.648438069262452288e-01
6.424443954175811378e-01
7.105064719777872684e-01
