5.338723399144144205e-02
7.142039638235331278e-01
7.177726935021104815e-01
6.923043383208212775e-01
5.280301467935706317e-01
4.339597619256906347e-01
4.040703101955906429e-01
5.093137649766177333e-01
6.476473822206858522e-01
6.642455040528396637e-01
7.163132615855696272e-01
3.304641184435934687e-01
3.558301693083335548e-01
3.894115701520852180e-01
6.495435219339636967e-01
4.915143413701684172e-01
8.572985119069920223e-02
5.320914083190099175e-01
3.545144497188936761e-01
6.326118407134386779e-01
