1.159434282161404123e-01
8.113844387629451926e-01
8.361767694243271709e-01
8.431731321109225963e-01
8.847990157037302072e-01
8.003836176136865932e-01
8.345469414719025592e-01
8.376196491411683764e-01
8.307792793908996831e-01
8.434648311434088663e-01
8.624676297479370035e-01
8.319413728659096341e-01
8.193627594706466288e-01
7.047934982224446365e-01
7.734353753297857903e-01
8.286141774430619833e-01
8.636336936194675129e-01
8.703374664358196622e-01
8.516540854025945739e-01
8.723801182378997376e-01
