5.034910364094110496e-02
5.663393570783383790e-01
4.073904101876395512e-01
6.363322105904942738e-01
7.422012240409465722e-01
7.422057889851241264e-01
3.851991943760225690e-01
2.296553016214344101e-01
6.421336899109795215e-01
6.321669068902882049e-01
5.833593885208407936e-01
1.017550050277989809e-01
2.966332486189200979e-01
3.550663025698636566e-01
3.470685055727651402e-01
5.865003845397321891e-01
6.936072954817708025e-01
5.442940826925738440e-01
7.232554122177484723e-01
7.485572512803739809e-01
