9.634564092502272104e+01
9.874627211568713392e+01
9.926134044057238270e+01
9.906650809763665677e+01
9.899898981177994983e+01
9.905804880438940074e+01
9.908035410924091480e+01
9.902742470380665907e+01
9.892577153102922694e+01
9.915989399190029019e+01
9.905778548341793055e+01
9.902224137709463037e+01
9.889501365538767175e+01
9.880936738192910695e+01
9.880439634041127306e+01
9.879095061113889642e+01
9.875395199312330874e+01
9.873366453259899345e+01
9.872537494808662473e+01
9.869755031235028753e+01
