1.113574591980605738e-01
8.410716738386465607e-01
8.614492223950926952e-01
8.849463852286668653e-01
8.458825678018487837e-01
7.251672676568078346e-01
8.429591011184979221e-01
8.620908759346900263e-01
8.520659212904450053e-01
8.751840424773534854e-01
7.894752935441280428e-01
8.548574614808768235e-01
8.441742950861941264e-01
8.781606190858792793e-01
8.366630557729055617e-01
8.294620768852037918e-01
6.145791652477616829e-01
7.726935529526339774e-01
7.480732025895838744e-01
7.716382054096191379e-01
