1.353915362356640376e-03
6.170545097410706781e-02
7.999793458733176488e-01
7.917551264978319736e-01
6.453354357886248449e-01
9.103926372111731391e-01
9.213975496336404003e-01
8.955268455723268683e-01
4.711693538174658302e-01
8.403574747413020685e-01
9.498140559554462126e-01
7.409371523239928203e-01
9.492145277038462892e-01
9.214985771101379397e-01
9.007615111159430477e-01
9.451287816968865219e-01
8.750583462782448585e-01
9.344505711349248012e-01
9.146937637314349612e-01
8.291219231623497832e-01
