6.046097253818104218e+04
3.019017685717247150e+04
2.971904180678983539e+04
3.067046748635028052e+04
3.093041275805122496e+04
3.098527883546166413e+04
3.099329633118717175e+04
3.097099639379943619e+04
3.093803138984598627e+04
3.094177577685184588e+04
3.097731398369984527e+04
3.097252549751986589e+04
3.094558046510661006e+04
3.095281875653866882e+04
3.094177324606773254e+04
3.096450769536530424e+04
3.098287949066155852e+04
3.097340849603479728e+04
3.097305348069145839e+04
3.096450218389998554e+04
