9.855153923884525284e+03
2.913501139112155579e+04
3.094614210504834773e+04
3.076417522035838920e+04
3.067137030780930218e+04
3.082034666006408588e+04
3.087404203951988165e+04
3.088287255796286991e+04
3.090928719993677078e+04
3.088055226265184319e+04
3.088114034298546176e+04
3.089417149762941699e+04
3.089843433577747419e+04
3.091295078945360729e+04
3.092902417552235784e+04
3.094025123956732568e+04
3.094556749704388858e+04
3.094145641660647743e+04
3.094680533953689155e+04
3.095177980913262218e+04
