5.210991967663319803e-04
2.186124263987045124e-02
1.375284254082504709e-01
5.821858536542333651e-01
8.257034205339247590e-01
8.774203953885866270e-01
8.898211401839039025e-01
8.613965549837711011e-01
4.337326760395380232e-01
8.060848529808996021e-01
9.278395718867484820e-01
9.271782138526524220e-01
8.905076972841076133e-01
6.828634616222741816e-01
8.619487054727470454e-01
9.278800754867536638e-01
9.049578746920593497e-01
8.817749954753776320e-01
8.340544180933151530e-01
9.246233995057857591e-01
