4.099661824095507867e-04
2.414985646119152674e-02
6.488642559700217305e-01
9.345420537746842449e-01
9.115375666291855028e-01
8.796131487760225909e-01
9.487837367667496524e-01
9.272867512161206971e-01
8.452184732665941613e-01
8.974348284504549689e-01
9.490487317303377690e-01
9.392540936645897842e-01
4.749968186829949812e-01
9.217326817238916670e-01
9.466197145291824766e-01
9.380878854723353477e-01
7.445742032771803798e-01
8.920140008364678685e-01
9.158148497033269386e-01
8.489755792042040783e-01
