4.263664000969560712e-04
6.462244470654955782e-03
6.334392300162360323e-01
7.500211272345863600e-01
9.118050425852767260e-01
8.298306605800271907e-01
9.276551071841486751e-01
9.055371326406135291e-01
9.270950577375647317e-01
8.605095295135883893e-01
7.978692677343262041e-01
9.181934546597888547e-01
4.252424366637845288e-01
9.009311707572057459e-01
9.245906307573882321e-01
6.997894914861356730e-01
9.192130335330521707e-01
8.591372275451791829e-01
9.298068776322738760e-01
9.168487584054021422e-01
