1.000000000000000000e+00
9.099999999999999645e+00
5.500000000000000000e+00
7.300000000000000711e+00
3.700000000000000178e+00
1.998309350619741798e+00
1.000000000000000000e+00
6.574753252863088093e+00
7.879470847181081261e+00
4.548079281178384115e+00
1.000000000000000000e+01
2.940099234595090483e+00
6.797749515171353174e+00
1.000000000000000000e+01
8.052134394180054500e+00
1.000000000000000000e+01
7.341309821683728032e+00
5.998243492654911968e+00
8.834589481707622483e+00
1.000000000000000000e+01
