1.000000000000000000e+00
9.099999999999999645e+00
5.500000000000000000e+00
1.899999999999999911e+00
7.300000000000000711e+00
3.669217066288714690e+00
6.575019573047646837e+00
1.000000000000000000e+00
7.893230466267632472e+00
4.544118121873040650e+00
1.000000000000000000e+01
2.870963563842685140e+00
1.000000000000000000e+01
6.717857974164140877e+00
8.005075261218031812e+00
1.000000000000000000e+01
7.288746809418885420e+00
8.803759869530312088e+00
5.868156030800733447e+00
4.416630008574201405e+00
