8.043488157215732733e-04
6.172901352722794804e-02
8.111196634565065455e-01
6.358916710857849264e-01
9.412162577764157101e-01
9.202942114181033029e-01
9.486778708295433571e-01
9.036573845710443864e-01
9.336165046414615087e-01
4.724742463293738481e-01
9.479488227857600924e-01
9.388066012380348324e-01
9.201092293197318250e-01
8.964316072236608868e-01
8.443192917044393120e-01
9.482966172979566677e-01
9.367661949874993566e-01
7.243422202300290325e-01
9.481641630354019634e-01
9.261819089061581467e-01
