5.943294014569913270e+04
3.202250079601305697e+04
3.131067015927084140e+04
3.078430226592462714e+04
3.085880824790111365e+04
3.092154176461421230e+04
3.094014692984730937e+04
3.096657853608956430e+04
3.095113488965547731e+04
3.094475952244306973e+04
3.093753456666558486e+04
3.092986326005766023e+04
3.093617488611281442e+04
3.093139678593205826e+04
3.094707273713068571e+04
3.095509060729649718e+04
3.096223862806379111e+04
3.095874326129072870e+04
3.095675436575358981e+04
3.095815201833141691e+04
