8.045056325745369779e-04
3.398619986841849849e-02
8.193709275217566645e-01
9.381562758763113408e-01
6.287335464844369115e-01
9.485777559862065278e-01
7.850420499864950719e-01
9.299606489876102167e-01
9.485970464255703005e-01
4.771035650312684950e-01
9.392410651674725219e-01
9.272217619876863548e-01
8.301338039575086869e-01
7.377016471040404033e-01
9.490980986233619188e-01
8.985897946154710603e-01
9.421708974237857914e-01
9.213383956447458445e-01
9.497836465076298085e-01
9.405396240123451435e-01
