1.329159528876478202e-01
9.865072507722478790e-01
9.994962951763253223e-01
9.944427564672700948e-01
9.916815373614474849e-01
9.999485711709306113e-01
9.999376883795805249e-01
9.999130040983251755e-01
9.999416847026345589e-01
9.999296627370617419e-01
9.999292236915284793e-01
9.999288337235529012e-01
9.999348937382965818e-01
9.999209347374821144e-01
9.999339172387383678e-01
9.999289143556622239e-01
9.999168560012396956e-01
9.999301088937102566e-01
9.999302140947989859e-01
9.999287332569085640e-01
