1.133918886978787233e-01
9.976911215321828674e-01
9.201638708029326041e-01
9.895058917544071742e-01
9.925130094853890084e-01
9.963010711775603934e-01
9.999750351679009830e-01
9.999215827767697906e-01
9.999210631958540541e-01
9.999144439559779496e-01
9.999070774263717487e-01
9.999078629527133888e-01
9.999215531889237285e-01
9.998998670828814772e-01
9.999067840322899414e-01
9.999063756893645794e-01
9.999078647659686014e-01
9.999148254703877914e-01
9.999020120801868083e-01
9.999090994020060075e-01
