1.293869248464053490e-01
9.324963840493497580e-01
9.870515652898131931e-01
9.994964400314777508e-01
9.942337644773544536e-01
9.978983104701559803e-01
9.985701251200493900e-01
9.982000696125020722e-01
9.998557885385213062e-01
9.999443072177135461e-01
9.999845797701284456e-01
9.999317589651076643e-01
9.999487124880895861e-01
9.999498990609784199e-01
9.999476945414741413e-01
9.999516488493617183e-01
9.999510389806446353e-01
9.999501493278429853e-01
9.999567849297958944e-01
9.999635109225093466e-01
