1.129580256957239542e-01
9.900156131399162618e-01
9.220579281408978201e-01
9.596542677435760949e-01
9.899993769869801508e-01
9.805002348322717776e-01
9.733598632937096040e-01
9.949419561075847351e-01
9.993880587769042867e-01
9.999190733189129432e-01
9.999848358954117611e-01
9.999807678089852603e-01
9.999673535074741215e-01
9.999633725258167960e-01
9.999653765513971670e-01
9.999640429571363676e-01
9.999651988804489910e-01
9.999681168270435627e-01
9.999629540757187796e-01
9.999643639322949307e-01
