1.270762950211076492e-01
9.941364254065596651e-01
9.333394118664850581e-01
9.995591669686444414e-01
9.909398449992378177e-01
9.980554706889106509e-01
9.983670381293093810e-01
9.996498027743840886e-01
9.998100140816066350e-01
9.999664550501151661e-01
9.999619851844886442e-01
9.999075266974926102e-01
9.999263867521950289e-01
9.999392551599509682e-01
9.999360749921407665e-01
9.999421951263200992e-01
9.999425091532474497e-01
9.999489701308612588e-01
9.999414145138287857e-01
9.999403744189775400e-01
