1.000000000000000000e+00
7.300000000000000711e+00
1.899999999999999911e+00
9.099999999999999645e+00
3.700000000000000178e+00
8.148954402985092216e+00
8.140842147865686940e+00
3.075320428187958921e+00
4.637092399484953553e+00
4.888047519883623515e+00
5.238945476517701039e+00
5.113746497656058487e+00
5.327954576513818097e+00
4.920624362185708200e+00
4.902198237822575244e+00
4.891496358377189324e+00
4.887218912999891529e+00
4.880538087911674872e+00
4.878662143374712379e+00
4.875754752207003939e+00
