1.436506429151258502e+01
1.410469907376569765e+01
1.406138608920606536e+01
1.405690524527907215e+01
1.406388970251176573e+01
1.406250075765354701e+01
1.406106419909854033e+01
1.405805426166465999e+01
1.405860231972356722e+01
1.405883449566882781e+01
1.405564107879665947e+01
1.405511152684234588e+01
1.405467904150686920e+01
1.405347407583188080e+01
1.405291335526294993e+01
1.405253567554666638e+01
1.405280567783860768e+01
1.405249532093427689e+01
1.405118897758088536e+01
1.405120399008087340e+01
