1.144818514203110732e-01
9.238077929299710611e-01
9.879937188501428658e-01
9.991274154819542730e-01
9.924517066911876517e-01
9.971381477602073717e-01
9.999801085655607435e-01
9.999667143627491983e-01
9.999496237951763788e-01
9.999490437612335025e-01
9.999511773289545546e-01
9.999368174477517579e-01
9.999452788783683710e-01
9.999377166883127721e-01
9.999470487217073655e-01
9.999429623001082623e-01
9.999442933265667577e-01
9.999476070029670316e-01
9.999447645301241527e-01
9.999462645595488253e-01
