1.000000000000000000e+00
1.899999999999999911e+00
7.300000000000000711e+00
5.500000000000000000e+00
3.700000000000000178e+00
6.054930598072704839e+00
5.035112825830129424e+00
4.931300377093456255e+00
4.900703164419815572e+00
4.890967542085479458e+00
4.885847538700196502e+00
4.882422789598604318e+00
4.883629320602429047e+00
4.883411548168717253e+00
4.885056157570570434e+00
4.885012280463159051e+00
4.886004820630463819e+00
4.886824831371780142e+00
4.887142281890898943e+00
4.888087348122121867e+00
