1.149831525025708512e-01
9.628573714140364892e-01
9.190978139040116845e-01
9.991111604041070793e-01
9.928648494568690364e-01
9.999030477761567948e-01
9.998665398824810868e-01
9.998298189575571815e-01
9.998259281527737130e-01
9.998277166402821381e-01
9.998375211931193052e-01
9.998474276301524410e-01
9.998518538856452365e-01
9.998387646495184855e-01
9.998449464017654664e-01
9.998619811927823564e-01
9.998428975160210674e-01
9.998602552018619471e-01
9.998654169622334109e-01
9.998456612764415885e-01
