1.408734054763361421e+01
1.413171369100390251e+01
1.408743098227559543e+01
1.406672590849876237e+01
1.406317311535809722e+01
1.406255753562192545e+01
1.405928303604859231e+01
1.405453732953430723e+01
1.405683100776363936e+01
1.405574839514646612e+01
1.405525774026262908e+01
1.405612647878161603e+01
1.405522332573692879e+01
1.405419334313789648e+01
1.405413672965315186e+01
1.405303096186321277e+01
1.405282402318990442e+01
1.405329694962552445e+01
1.405289407426580794e+01
1.405299276974897360e+01
