1.338823577362227013e+02
1.399092606049407550e+02
1.406801240363726038e+02
1.409079527452739171e+02
1.409444622775894231e+02
1.408790680411455867e+02
1.409415751773227896e+02
1.409331940608315108e+02
1.409424392073518959e+02
1.409364331205449616e+02
1.409453770955215646e+02
1.409530152528496387e+02
1.409657829354225100e+02
1.409556862402005777e+02
1.409651450949069158e+02
1.409723288475630625e+02
1.409715229688524971e+02
1.409713841946471860e+02
1.409679686460837615e+02
1.409663671603204591e+02
