1.814879060247142836e-02
9.610505129168851468e-01
9.992143735897253132e-01
9.996967885751892879e-01
9.997298162093816165e-01
9.998255414627760240e-01
9.998639496321540809e-01
9.998597856774291692e-01
9.998684199121048444e-01
9.999215940206958031e-01
9.999158351772223785e-01
9.999205275057188036e-01
9.999183830477000878e-01
9.999269845814539037e-01
9.999372529776130447e-01
9.999335649157807815e-01
9.999448067956311359e-01
9.999506047059752989e-01
9.999590241098532672e-01
9.999641912588844717e-01
