2.851635324913224384e-02
9.699470697780174788e-01
9.995668720153894071e-01
9.995892330012523530e-01
9.997586742798372228e-01
9.998635113137852581e-01
9.999072108043507434e-01
9.999383301082286346e-01
9.999354067096236642e-01
9.999343071622678325e-01
9.999343310047005273e-01
9.999385259094012435e-01
9.999436066305223969e-01
9.999378508891856310e-01
9.999481285226012872e-01
9.999349544133742107e-01
9.999444035942651743e-01
9.999547506866663937e-01
9.999633786193177221e-01
9.999638291246208954e-01
