1.426913880971363540e+02
1.401814161868613269e+02
1.409879553048181151e+02
1.408795126584668367e+02
1.409425399712605724e+02
1.409605269193485810e+02
1.409248839867635184e+02
1.409155970562499078e+02
1.409099114034291063e+02
1.409226850741370356e+02
1.409399107662016206e+02
1.409460970957976258e+02
1.409497177374919943e+02
1.409656617307878150e+02
1.409616936343579141e+02
1.409673991313845534e+02
1.409691732766245025e+02
1.409611394308816443e+02
1.409637157514061698e+02
1.409713240796226046e+02
