1.559331104776449877e+02
1.412137264156466756e+02
1.412951105212181631e+02
1.410490683486442549e+02
1.410216673040045237e+02
1.410376626390961121e+02
1.410181601170385193e+02
1.409957241554976406e+02
1.409860079955799108e+02
1.409577231063458953e+02
1.409863672647822739e+02
1.410090229194130700e+02
1.409907836482380503e+02
1.409883881484674077e+02
1.409984388865458698e+02
1.409827186562232271e+02
1.409851992151702973e+02
1.409787180185207944e+02
1.409772346762169661e+02
1.409786301664260861e+02
