1.566545039739212655e+02
1.400781954595250625e+02
1.406531196401226680e+02
1.408781053053000107e+02
1.409945642362933427e+02
1.410176124181246280e+02
1.409770921226684663e+02
1.410038662161589400e+02
1.410133316966150119e+02
1.410315463108751146e+02
1.410144108523905970e+02
1.410145822457738518e+02
1.410230888327341461e+02
1.410175997969720356e+02
1.410204475178558710e+02
1.410239621743907605e+02
1.410160703175811818e+02
1.410114290390847884e+02
1.410124910770198881e+02
1.410081734902393009e+02
