1.744037273818701758e-02
9.389641549536044129e-01
9.992201374541046510e-01
9.996220339935549815e-01
9.995183077132444582e-01
9.997376102848025692e-01
9.997830667717535480e-01
9.998253232731458828e-01
9.998418642680757529e-01
9.998547984192365234e-01
9.999014997271792327e-01
9.999137234489273718e-01
9.999323503194013085e-01
9.999126289369167919e-01
9.999208900729887883e-01
9.999312107586689757e-01
9.999341535802851455e-01
9.999389345386613392e-01
9.999422582121908487e-01
9.999450519782280278e-01
