1.438755461421971533e-02
9.502967671331551403e-01
9.992498399497486972e-01
9.994868865626403975e-01
9.995671134488208764e-01
9.996980011689502454e-01
9.996834015027216136e-01
9.997462939149361905e-01
9.998048103969399136e-01
9.998669052216524467e-01
9.998810771486640325e-01
9.998992768333232473e-01
9.999227303510616061e-01
9.999269320057198041e-01
9.999244891721930095e-01
9.999204477962925219e-01
9.999229953863727482e-01
9.999378348340266509e-01
9.999392896942848052e-01
9.999470696628758315e-01
