1.366915533521528801e+02
1.400676193129204705e+02
1.407143073827907074e+02
1.408270023895289569e+02
1.407790718411329465e+02
1.408662161424213366e+02
1.408214997171276650e+02
1.408578867302077242e+02
1.408836707931756678e+02
1.409025722707262389e+02
1.409118879407315603e+02
1.409280680856821846e+02
1.409562976233158338e+02
1.409550583558776680e+02
1.409541389209531985e+02
1.409590501473662130e+02
1.409596074921990976e+02
1.409576578579667512e+02
1.409558721004167410e+02
1.409708485839017271e+02
