1.700470155474486170e-02
9.526649154770625572e-01
9.997033004619512164e-01
9.995772242202467517e-01
9.997817573679312897e-01
9.997860859383956855e-01
9.998160318388794598e-01
9.998632055355576309e-01
9.998944798493503150e-01
9.999162318050111020e-01
9.999250844656406567e-01
9.999251184990051167e-01
9.999194283638525027e-01
9.999571087882629383e-01
9.999629653105499560e-01
9.999468802513534760e-01
9.999530307621969927e-01
9.999471503974913800e-01
9.999558024193366812e-01
9.999566003924464930e-01
