1.334289510317346981e+02
1.397948410397006000e+02
1.402823849112150754e+02
1.405883724991472832e+02
1.406790388835257772e+02
1.407391868924883624e+02
1.407680437653323509e+02
1.408082951746032450e+02
1.408272085492291126e+02
1.408620702529135826e+02
1.408896728628120911e+02
1.408841429599748949e+02
1.409041302909524234e+02
1.409218485441903681e+02
1.409283915852054463e+02
1.409361171624710778e+02
1.409401485649302117e+02
1.409376959889610532e+02
1.409310460414776287e+02
1.409200872528053594e+02
