1.356763188162473632e+01
1.401594919425209795e+01
1.402155349559365227e+01
1.402502560627414496e+01
1.402128792384016975e+01
1.402834132551565460e+01
1.403418248027068849e+01
1.403743044848743082e+01
1.404059734325899633e+01
1.403900998258874999e+01
1.404481738525866774e+01
1.404586372659509053e+01
1.404524412205050332e+01
1.404522490985098848e+01
1.404546195369213812e+01
1.404822816043918188e+01
1.404811903597048328e+01
1.404983395815860092e+01
1.404979526036229487e+01
1.405038631328610954e+01
