7.619748682422820829e-02
9.807856738996577617e-01
9.369061857926246351e-01
9.693661848200662012e-01
9.863482080712101530e-01
9.856300288420060118e-01
9.861939089092872646e-01
9.773575945002652698e-01
9.907220393681702708e-01
9.876727246608222321e-01
8.690609621897890102e-01
9.908335450526635224e-01
9.886450328367387685e-01
9.586268414892055167e-01
7.010390729659889963e-01
9.916192280828037831e-01
9.872775209804591778e-01
9.833570919460430382e-01
9.739216523610814136e-01
9.902473991006076615e-01
