1.000000000000000000e+00
7.300000000000000711e+00
9.099999999999999645e+00
1.899999999999999911e+00
3.700000000000000178e+00
8.264488178196911505e+00
8.280622541178480844e+00
9.955235032058265432e+00
9.225680276834946625e+00
5.748044900822264047e+00
1.000000000000000000e+01
9.170009009172456871e+00
4.791816111738481432e+00
6.630308106193594675e+00
1.000000000000000000e+01
9.213237359134783588e+00
7.693188320051019602e+00
1.000000000000000000e+00
8.977908178734551825e+00
1.000000000000000000e+01
