1.446475665202337524e+01
1.406973575968190282e+01
1.408073269066815492e+01
1.406930500598584821e+01
1.406673003713427761e+01
1.405485945067205655e+01
1.405998684476243099e+01
1.405632766127043887e+01
1.405164105370253047e+01
1.405143393338248536e+01
1.405271573215000913e+01
1.404963974253517733e+01
1.404772819745861945e+01
1.404601026010756648e+01
1.404659738317357132e+01
1.404716608304929970e+01
1.404418320106021412e+01
1.404578014613340642e+01
1.404586581096212683e+01
1.404579632735446282e+01
