1.000000000000000000e+00
1.899999999999999911e+00
5.500000000000000000e+00
3.700000000000000178e+00
9.099999999999999645e+00
8.039694029781374596e+00
6.906460116717746622e+00
8.236100381638761903e+00
1.000000000000000000e+01
9.164871556087939908e+00
9.069065023563315009e+00
1.000000000000000000e+01
9.317373431918682058e+00
4.686308909260914923e+00
6.363693495960402124e+00
7.538128430096726618e+00
1.000000000000000000e+01
1.000000000000000000e+00
8.762186951212271424e+00
1.000000000000000000e+01
