6.818977607191874235e-02
9.587953690220077929e-01
9.740942195436808060e-01
9.258730161663126790e-01
9.832478449026348377e-01
9.797385071832800385e-01
9.797647013678041361e-01
9.864526513381308703e-01
9.838076885720302700e-01
9.693579633127878958e-01
9.857014034398456914e-01
8.542287545816834582e-01
9.834763021513048820e-01
9.478241302327069517e-01
6.904222439568339365e-01
9.864383462677255299e-01
9.829969153095579060e-01
9.765885386061727846e-01
9.679252646855716069e-01
9.856115345840420483e-01
