7.789318779649843927e-02
8.434394122947931338e-01
9.661142893792630248e-01
9.365038583725131538e-01
9.875929751565342141e-01
9.843089535057701900e-01
9.778169727658525545e-01
9.852292973312934965e-01
9.891634061978000769e-01
9.888210847349967469e-01
9.877038872543646431e-01
9.903208580528984895e-01
9.887795820740412633e-01
9.562413465833186077e-01
9.750920818937280909e-01
9.826856757835314982e-01
9.904218242396071181e-01
7.041968725067244694e-01
9.871434745957107237e-01
9.900790667455899863e-01
