6.911280777707509704e-02
9.158980107501122347e-01
8.242311207958162855e-01
9.588658717283783384e-01
9.820737128936994909e-01
9.782436855125874464e-01
9.717121613833009652e-01
9.783460995532275994e-01
9.859641047525978808e-01
9.834331689351589745e-01
9.877085816988867562e-01
9.817949765103564097e-01
9.860010335426213635e-01
9.831057929513816740e-01
9.696781158485612284e-01
9.487120632804172393e-01
9.784633771795790969e-01
6.908841119208662951e-01
9.862113882304673895e-01
9.821627452145165194e-01
