1.000000000000000000e+00
7.300000000000000711e+00
3.700000000000000178e+00
5.500000000000000000e+00
1.899999999999999911e+00
6.454425316443789029e+00
8.363672827762069772e+00
9.438492453173044083e+00
8.637719443421351784e+00
1.000000000000000000e+01
9.232357227830144453e+00
1.000000000000000000e+01
9.176650380938975005e+00
7.838627235528502268e+00
4.720686200588457559e+00
9.000299038795382955e+00
1.000000000000000000e+01
1.000000000000000000e+00
9.324565512960534264e+00
6.584188316728918799e+00
