1.433542787122663498e+01
1.406044658067889763e+01
1.402537112442891853e+01
1.402872261699265799e+01
1.404242423269566409e+01
1.404385572814928729e+01
1.405473562363708595e+01
1.405143431436943935e+01
1.405281378682484750e+01
1.405345105003037531e+01
1.404647314986117124e+01
1.404684467330485909e+01
1.404427033138679448e+01
1.404141096651252241e+01
1.404118220560432029e+01
1.404133587760683355e+01
1.404083458524069705e+01
1.404121743313655379e+01
1.404176876517733774e+01
1.404291358047287908e+01
