7.641800778328065868e-02
8.462899972151765038e-01
9.689283137285582548e-01
9.881487865895395295e-01
9.391802041242356403e-01
9.841051231990330939e-01
9.778138591935674473e-01
9.865229245231305066e-01
9.896573990650040509e-01
9.876484327545564934e-01
9.872453853610135832e-01
9.900929008135932463e-01
9.888512658917458786e-01
9.561838158720847858e-01
9.764197818723849842e-01
9.823690800393839462e-01
9.898613859691446359e-01
6.915221907340141083e-01
9.858971706052466200e-01
9.105937883226896679e-01
