7.705657232790612265e-02
9.681915585510058042e-01
9.873778823758013745e-01
8.403226123217979460e-01
9.385096845374872876e-01
9.834488323301724400e-01
9.777572862716371604e-01
9.857463669500712289e-01
9.903148722503245516e-01
9.876571013921550124e-01
9.907679219815722638e-01
9.883437614653228787e-01
9.883905515068682757e-01
9.575127118846532559e-01
9.752918954962468412e-01
9.823443324108263042e-01
9.904053967793523539e-01
7.034209442060732620e-01
9.866368476936874243e-01
9.909287469175830365e-01
