1.000000000000000000e+00
9.099999999999999645e+00
7.300000000000000711e+00
5.500000000000000000e+00
3.700000000000000178e+00
8.251870285918924353e+00
8.266333947648931257e+00
6.601581113364413333e+00
1.000000000000000000e+01
9.274635358511373440e+00
2.143453461654977854e+00
1.000000000000000000e+01
9.177463737896868423e+00
1.000000000000000000e+00
4.710960155686231943e+00
1.000000000000000000e+01
9.189961877040200733e+00
7.687910676976103197e+00
6.223488688930219226e+00
1.000000000000000000e+01
