6.923127875203444193e-02
9.543375432505585287e-01
9.258731777593252055e-01
9.745876188345382607e-01
9.837668964315211539e-01
9.787038790125389687e-01
9.808986127244214703e-01
9.857229408172146767e-01
9.837077215984929568e-01
9.688236018788015658e-01
9.853710722694890567e-01
8.571112472107332847e-01
9.830834427617960447e-01
6.873417133463455286e-01
9.453071233284556785e-01
9.857249745330786128e-01
9.823169965420477379e-01
9.766084305457223280e-01
9.650247948682137977e-01
9.825040254605299506e-01
