1.000000000000000000e+00
3.700000000000000178e+00
5.500000000000000000e+00
9.099999999999999645e+00
7.300000000000000711e+00
2.239655656442972376e+00
1.606737375614894159e+00
2.472448018794075608e+00
2.283703984054794578e+00
1.253605761154590770e+00
2.476060156851318972e+00
2.186483918862786702e+00
2.182638595802281145e+00
2.178451527557161427e+00
2.173356976173284050e+00
2.167279196656794138e+00
2.551522805221966728e+00
1.905985822365021232e+00
1.857414757036798036e+00
1.857445443046489730e+00
