6.190541164125234336e-02
8.930970438156068392e-01
6.159028596157799518e-01
7.352896773717033652e-01
9.992329997466304903e-01
9.985506316204290078e-01
9.849046730057653409e-01
9.912518028783540158e-01
9.952859311269447451e-01
9.993551822220181347e-01
9.992206123437552545e-01
9.921093235044891046e-01
9.919959842882410950e-01
9.987242617919693810e-01
9.985348855473754615e-01
9.985186544439548229e-01
9.987515394396155877e-01
9.944207407484179084e-01
9.902973345768252278e-01
9.998709371940751600e-01
