5.581107043772813581e-02
9.111445449318901213e-01
6.156797786085523860e-01
8.267432975617902136e-01
9.993383470658097067e-01
9.985791806012171978e-01
9.856568483039870321e-01
9.904615584733574840e-01
9.962722070112722816e-01
9.992348593404677404e-01
9.942791576271434728e-01
9.924283472420036833e-01
9.999660097810171289e-01
9.966356210253791703e-01
9.997200882392983656e-01
9.995707189914934121e-01
9.994273695116128176e-01
9.993339817056309249e-01
9.991945893180309568e-01
9.991654044121111022e-01
