2.955595358553806881e-02
9.875161886562510150e-01
5.373320144520319364e-01
5.173458229491360028e-01
8.783444859226680057e-01
9.762145984484356109e-01
9.177299890087159406e-01
9.775635731066177891e-01
9.893381802585357043e-01
9.674410095923644537e-01
4.024425194311148091e-01
9.992671850499003083e-01
9.975019285229073107e-01
9.976564182515303969e-01
9.973079447938695274e-01
9.974847479770997394e-01
9.976645055893994529e-01
9.974173742841984103e-01
9.977260455810230688e-01
9.975761677277098505e-01
