6.125738380420792106e-02
7.530940000980925753e-01
8.171137582527309151e-01
9.036491719774580877e-01
5.353170534033444561e-01
9.974088520087253107e-01
9.874496503533807257e-01
9.878921241810880716e-01
9.938978443340429347e-01
9.418404915719842396e-01
9.905163253758563213e-01
9.978926335569296979e-01
9.979352007219300935e-01
9.983896743150469932e-01
9.983286369398698401e-01
9.865013103270465766e-01
9.997698663949210474e-01
9.989209052956008472e-01
9.986900672673151291e-01
9.985990480736360864e-01
