1.854769938428470601e-03
1.409301243318835523e-03
3.575374450216056797e-03
3.396119832841229319e-04
3.528380789803009510e-02
8.297246077281382470e-02
1.671618244643993320e-02
6.771344363940186295e-02
1.249188099896045116e-02
1.768488729820420491e-01
5.497889579420971173e-02
2.391234656594394895e-02
1.127341406391035340e-02
5.252012338372671202e-02
6.306376449178414945e-02
3.988199307863691395e-02
8.335933937271436389e-02
1.262903042912552343e-01
1.272806087446915480e-01
3.033232434687686743e-03
