5.630399380611978257e-04
1.584668915915019623e-03
2.501197443757742175e-04
1.066205126922899682e-03
2.174627585634148277e-02
1.366261583294686721e-02
8.020675481769928838e-02
4.939333011988462918e-03
1.021030770210409749e-01
1.555307768973206509e-02
8.895369805582380163e-02
4.308441139398448173e-03
6.173378085723064956e-02
1.002051221536538750e-01
4.801810577271773545e-02
2.511245365107665946e-03
7.952407369750570665e-02
1.622443514554266705e-02
7.714025133646898458e-02
2.611674023627092063e-03
