4.439909166406264332e-03
5.383233957527119081e-04
1.803555070911996502e-02
1.835679149239962879e-02
6.025781426511317602e-03
1.995209458317731555e-01
3.346328265375927424e-01
2.386465174264417455e-01
3.342661243710199903e-01
2.222453387807468983e-01
4.286786493847233315e-01
4.104580675022159175e-01
5.074413039265710523e-01
3.836975205764098784e-01
4.682959833177945397e-01
4.390637858223390144e-01
3.986801605156222728e-01
2.445985319751020626e-01
2.645349949218152030e-01
4.047211278650610367e-01
