1.534236707127498630e+04
3.600578717245964526e+03
3.705789765616811201e+04
1.433033642396328214e+05
9.902007382974041684e+04
1.017784045717205881e+05
9.953369552029806073e+04
9.938382234871647961e+04
9.941306020525896747e+04
1.006682739639391075e+05
1.021947384120459465e+05
1.035823821001674514e+05
1.037547239940782165e+05
1.039227239064600726e+05
1.042756715178684826e+05
1.038619697671937320e+05
1.035217735877650703e+05
1.037614373835895385e+05
1.043038745699206484e+05
1.041796586144730245e+05
