1.623620934352845409e-03
9.263293543098174206e-04
1.089085792121545059e-03
1.133589974850041961e-02
1.155172617190494341e-02
9.394120170633613043e-02
7.907026409106160392e-02
1.284906035526008350e-01
7.892050108362061445e-02
3.419023032150710247e-03
1.193760523728923210e-02
4.782473111459890902e-02
3.041599303598278153e-02
8.429361621355217771e-02
8.427016796180866742e-02
6.398822301438883420e-02
8.526237858894583632e-02
1.180959946529797494e-01
1.075888630494356568e-01
2.951055978216945985e-02
