2.280179130476406768e-04
1.285824951541984285e-04
1.256869515314653881e-03
4.699799879147722667e-03
2.440681369865906405e-02
7.231274018343181176e-02
6.164094150184890042e-02
8.867347737636679939e-02
3.589918856655975599e-02
4.553370092888114895e-03
1.137194171956160543e-01
5.471792284262329970e-02
2.937870346226901033e-02
8.572560002927383238e-02
4.939573050123513033e-03
2.617732738041482488e-02
3.296203164889734832e-02
3.297796285309702053e-03
3.057072477345349534e-03
4.506823440388746382e-02
