1.752726609202619364e-03
3.307367422794105574e-04
3.523541724317304420e-04
1.144147596168091112e-03
2.813873513185988651e-03
1.750657719337806589e-02
1.377346270404947691e-02
1.406023743286919335e-02
3.591305843969281458e-02
1.267938796582166461e-01
8.988488117461737592e-02
3.286646643208904206e-02
9.710118741008492982e-02
1.243511991528230137e-01
2.984252906003868194e-02
4.214971770982958721e-02
1.801999981963461894e-01
7.574923739905797815e-02
6.806375913951744072e-02
7.520565048582031516e-03
