1.114275299066837342e-03
1.530085189018029240e-04
8.533876337599047377e-04
1.122136686925943297e-04
5.964381422580852191e-04
2.807637685259418980e-02
6.092108678817664130e-02
7.848380188548753633e-02
3.538452775257242000e-02
1.518154838921939934e-02
5.681661678079149430e-02
7.260744284100689727e-02
4.844261945816265985e-02
1.134311665409191462e-02
7.910689688486623183e-02
3.827822694831805456e-02
1.920690854863118385e-02
1.172171009603575204e-01
3.311026009528824678e-03
4.864808837296370758e-02
