1.356553999712081895e+04
4.678776407673188805e+04
7.012350710034050280e+03
8.473856254929275019e+05
8.455982841163808189e+04
9.000523973279696656e+04
9.827939271149679553e+04
1.028603890161452582e+05
1.029200293277986057e+05
1.040508883737711003e+05
1.046036976295195636e+05
1.043771557706700696e+05
1.037440365172583697e+05
1.042402604834758822e+05
1.045107867803495465e+05
1.042283078793994355e+05
1.048714136691228050e+05
1.047099275448984990e+05
1.057988233374901029e+05
1.060315157448313112e+05
