2.004414024329373945e+02
1.913837245646035115e+02
1.907458792875370648e+02
1.902920975383112250e+02
1.901682479945746422e+02
1.900996260037870229e+02
1.900078620641880036e+02
1.900433232393338585e+02
1.900607331301199565e+02
1.900844919214332549e+02
1.900478332220536970e+02
1.900143643773797635e+02
1.900072123301738145e+02
1.899965531255525377e+02
1.899958043770399456e+02
1.899980629908965568e+02
1.899991245758388345e+02
1.900088049754821213e+02
1.899686168472425720e+02
1.899641727406742291e+02
