2.134509955725777744e-02
9.462346892386443997e-01
9.719012997117941755e-01
9.726986848834644483e-01
9.730281234451161332e-01
9.729228304267346639e-01
9.720789389454570495e-01
9.730254378773063317e-01
9.718229077050959397e-01
9.726865348565026936e-01
9.710633129101634564e-01
9.736922878558685879e-01
9.718116718296427869e-01
9.726984597872156968e-01
9.729742821311685441e-01
9.733744382132538675e-01
9.734782411132599789e-01
9.734254667377670867e-01
9.719217575421671418e-01
9.723651064793563670e-01
