2.224964714496459328e-02
9.340379137644646557e-01
9.707030247651268207e-01
9.721706083811491039e-01
9.728246416909357430e-01
9.715828475117698204e-01
9.729579212879111427e-01
9.724250417894465537e-01
9.733058104960541357e-01
9.732821514268947816e-01
9.730367298436948253e-01
9.738008990023329092e-01
9.728106092340400579e-01
9.729915502311001774e-01
9.722681458253248366e-01
9.734166081618245148e-01
9.731724317773087218e-01
9.725773694670228897e-01
9.729858904527236563e-01
9.730345190352699403e-01
