1.342870965414328516e-02
8.444340921615330897e-01
9.589379672730987680e-01
9.581639819501647226e-01
9.584636098509611291e-01
9.572732806784517434e-01
9.584275539698843271e-01
9.585833502920093618e-01
9.580385655291393521e-01
9.583752719785131324e-01
9.589917599364293777e-01
9.588412981964177240e-01
9.580026859610758505e-01
9.583415917675557338e-01
9.576681441641152759e-01
9.579991337988571498e-01
9.588370080317801802e-01
9.577095330771606685e-01
9.582857479660615851e-01
9.574627980067841326e-01
