2.074236223759691120e-02
9.432560650676065084e-01
9.725234791559603797e-01
9.728015016897565426e-01
9.740649622387560491e-01
9.722946114455590649e-01
9.724893161369715378e-01
9.723159133339382976e-01
9.732848308933313985e-01
9.725342475196357972e-01
9.729619939770067782e-01
9.737372778300332765e-01
9.736745652492991843e-01
9.717560299654836031e-01
9.730298736037059637e-01
9.748935384738482979e-01
9.726089231284792413e-01
9.717855352984123840e-01
9.717088179807168435e-01
9.719926399333331801e-01
