1.261577119146710738e-02
9.087941425526414596e-01
9.582975424424676758e-01
9.587884300539297744e-01
9.590094552178373144e-01
9.587046902135909487e-01
9.583733328177915789e-01
9.587250189799270128e-01
9.590435531019226856e-01
9.603247326179519261e-01
9.585958915833289185e-01
9.603203716838712989e-01
9.588955776250180918e-01
9.597183986628133878e-01
9.601126216676981739e-01
9.602305469285197237e-01
9.595616242616279434e-01
9.597815828842884978e-01
9.590267764352903290e-01
9.597289037150518176e-01
