2.153277547858540447e-02
9.517211987814606644e-01
9.739785644933923736e-01
9.720661362658693516e-01
9.724418851088040272e-01
9.729547731095705698e-01
9.722268521704702238e-01
9.724139010388035409e-01
9.733447275624136363e-01
9.733027725775151850e-01
9.730208719433481868e-01
9.733691473702995589e-01
9.733093516219495367e-01
9.730923072101307358e-01
9.735507056371983658e-01
9.728694275425044946e-01
9.731943670894960263e-01
9.727985609888376572e-01
9.728751813133654780e-01
9.723539791562256784e-01
