2.239388833504561346e-02
9.282476989071835050e-01
9.754675013560276664e-01
9.737129922296355877e-01
9.734135618239834198e-01
9.725452051297048817e-01
9.730622481919074529e-01
9.731612104855320577e-01
9.722391882786313166e-01
9.734212095320283753e-01
9.729361170234471778e-01
9.737275104843559070e-01
9.726473780443805062e-01
9.720868845042834883e-01
9.736417456253344538e-01
9.727958889964002376e-01
9.735114966979212525e-01
9.730019976968157236e-01
9.720882417665034358e-01
9.731516093709386972e-01
