1.135973316817703443e-01
3.588294199668045081e-01
1.842912322594115471e-01
4.776797976141091695e-01
3.071604517043607374e-01
5.066153978744378783e-01
5.095240395497425689e-01
5.102790493800335447e-01
5.296930744290180293e-01
5.378913910953685429e-01
5.096229572963141274e-01
4.817187290264972055e-01
4.346183754234520524e-01
4.733759321776392914e-01
4.895289977313427299e-01
4.824095554719674550e-01
4.785912189276997353e-01
4.869674699247675820e-01
5.058479520954052289e-01
4.802730543559299847e-01
