6.046765567889166720e-02
4.739127508534500821e-01
4.935975474597049661e-01
3.850180045794711070e-01
3.910096833440519504e-01
4.184176351962957674e-01
4.129860319480819220e-01
3.880697380326115220e-01
3.992554517786603974e-01
3.889931622007240519e-01
3.866656620382576959e-01
3.990944197767760104e-01
3.531868971008513269e-01
3.912814414237984484e-01
3.856321634953399635e-01
4.019846350820782122e-01
3.968814821086413813e-01
4.095862987658990817e-01
3.582562795482937545e-01
3.964968588287183238e-01
