1.362124769061792140e-01
3.332184199436173944e-01
5.721616293802233022e-01
5.159622302156416929e-01
5.618796061404166542e-01
5.443347434044217836e-01
5.728311713355378476e-01
5.431375273587293329e-01
5.442091474526135064e-01
5.156259605217308195e-01
5.341512600821202161e-01
5.131284904856915352e-01
5.381919437857906052e-01
5.297922788653268711e-01
5.510685227506245676e-01
5.526477335693419368e-01
5.466645664922336056e-01
5.506671157085402113e-01
5.522670354472869469e-01
5.538765081062508866e-01
