9.596663456906205170e+01
9.897774312271054953e+01
9.884409327692793568e+01
9.942732815029543758e+01
9.909810227515028203e+01
9.870491133836682707e+01
9.892065558560307181e+01
9.893328631395579009e+01
9.915684186288878266e+01
9.899781527065279363e+01
9.901907778782243952e+01
9.912029359993603350e+01
9.917180301128341569e+01
9.929262416527829771e+01
9.933735243691063488e+01
9.937045914287331527e+01
9.926995911734263700e+01
9.924184307128342653e+01
9.918722372891058114e+01
9.926644411854498173e+01
