4.955318525674937830e-02
2.306893687677051274e-01
2.394118630317646490e-01
3.090744556347625460e-01
3.220940500297926334e-01
3.160374072468894457e-01
3.293436847328120587e-01
3.074506429091454218e-01
3.210717341985008244e-01
3.294781104110013903e-01
3.210393756355315875e-01
3.541361611309181701e-01
3.214156137404542979e-01
3.408455636326421234e-01
3.628665733922203929e-01
2.865608688089489320e-01
3.214217950133112511e-01
3.155426145994824072e-01
3.274716693135439893e-01
3.159795405370047772e-01
