5.483162643280137943e-02
3.471014931048623242e-01
3.513179824410972429e-01
3.666147861132389996e-01
3.304829294415873031e-01
2.758736706710448461e-01
3.493904217517673216e-01
3.546967841756030748e-01
2.706629054330442763e-01
2.907172127438253373e-01
3.021925657868606008e-01
3.217495052653225329e-01
3.386453394239730130e-01
2.931730241367631606e-01
3.313001697684452296e-01
3.256242791985156093e-01
3.444588498234476548e-01
3.511337615007064650e-01
3.628129320223536514e-01
3.353638186649555153e-01
