1.166310332586632525e-01
5.707067060018760074e-01
6.173136102044406437e-01
6.329399286172739947e-01
6.399204200916706053e-01
6.379998111807416716e-01
6.323167109210374726e-01
6.335908894053713381e-01
6.374082585967223435e-01
6.393752170775235388e-01
6.446027801569080840e-01
6.484184970605190168e-01
6.495736943265512098e-01
6.446157039852095094e-01
6.400301961669198070e-01
6.413441308001658347e-01
6.481363402877258206e-01
6.477615579098671139e-01
6.560546732541434611e-01
6.503905740190926155e-01
