4.065602268752480741e+05
2.649788010878533125e+06
2.078590642392109148e+06
2.596529133462508209e+06
2.672757716331067961e+06
2.687416912767962087e+06
2.699254420986861456e+06
2.708331325186145958e+06
2.709886403222052380e+06
2.707783377047007903e+06
2.705824687193514314e+06
2.705162083092072047e+06
2.705130785648914985e+06
2.708486530194418039e+06
2.714056324983653147e+06
2.715720255735278130e+06
2.717058609108666889e+06
2.718214530069580767e+06
2.722030720111131668e+06
2.723673240607170854e+06
