1.100774774785044825e-03
5.790998969998776072e-03
1.698470319280344018e-02
3.968784334838925121e-01
5.787910455416471756e-01
5.863553380867931875e-01
5.925725184736380102e-01
5.857083214962038875e-01
5.963566790595521416e-01
5.926856485231407623e-01
5.871697808201682411e-01
5.878648888888980961e-01
5.910586483908784050e-01
5.981993882778687821e-01
5.863965252627119096e-01
5.930889481066204949e-01
5.998888795649117700e-01
5.983893936842877848e-01
5.889466290516551794e-01
5.924866352451166884e-01
