2.327575393708750198e+05
6.008679272777002305e+06
2.448505140564198140e+06
2.649343276250349823e+06
2.689755864696767647e+06
2.704112219377143774e+06
2.705329453940145671e+06
2.710122455912015866e+06
2.714352749603132717e+06
2.714955743075732142e+06
2.718044413966846652e+06
2.716011174561246764e+06
2.718574359452080913e+06
2.715507807052765973e+06
2.715613800220097415e+06
2.714611525908049662e+06
2.715187408377799205e+06
2.716229718142127153e+06
2.713654755191629287e+06
2.712863772857489996e+06
