2.350679381039194704e+05
2.503572476442236453e+06
2.510153727954036556e+06
2.684424851676902734e+06
2.679773090670848731e+06
2.695696584570499137e+06
2.701943070806955919e+06
2.698629669773644302e+06
2.701011100905738771e+06
2.703576550870939158e+06
2.704197550138044171e+06
2.704188958149120212e+06
2.703897396366093308e+06
2.706146055118078366e+06
2.708514481354760472e+06
2.708062187564428430e+06
2.707305944793176837e+06
2.711179551451269072e+06
2.709002374343371019e+06
2.710450794781765435e+06
