1.010521502317201408e-03
9.269027668711256936e-04
4.049877335274619169e-03
2.874991213893243400e-02
4.029364121414990563e-01
6.363128174963458283e-01
6.447777344667452448e-01
6.517439317360560480e-01
6.470106292215248578e-01
6.514064805523545054e-01
6.453283047273750128e-01
6.435875444385901201e-01
6.490911257337256268e-01
6.495834756507495866e-01
6.539011265033096709e-01
6.485455024880119046e-01
6.533093752786449659e-01
6.404883189984950098e-01
6.431733061879200131e-01
6.521085067602513385e-01
