1.399476917608344535e-03
6.007296380837101081e-03
6.136374350799294469e-02
5.188400252366317522e-01
6.422692721478108213e-01
6.398080278755213790e-01
6.479382591395040913e-01
6.403308275715576814e-01
6.477544652952419435e-01
6.522372357396600817e-01
6.522296885132938815e-01
6.433294569168122035e-01
6.529390308041196356e-01
6.498985304518422046e-01
6.440310199703865868e-01
6.506748458973601323e-01
6.490918666697248485e-01
6.431905977965373111e-01
6.511730401221793585e-01
6.532557928291895522e-01
