2.086521756064513283e+03
1.658426924999265111e+03
1.641108484284790848e+03
1.630424250899688332e+03
1.628558684713109187e+03
1.624808207645600760e+03
1.624724349726019682e+03
1.621768400190117291e+03
1.622307406337048633e+03
1.624373040897884721e+03
1.624629081771474603e+03
1.624560886579733051e+03
1.624082489401930616e+03
1.624544395659497468e+03
1.625053541757355333e+03
1.624298803632042564e+03
1.624408230726957754e+03
1.624449592562968519e+03
1.624794993003971285e+03
1.624882595452448413e+03
