2.223833483447313029e+03
1.614803789168848880e+03
1.623290896254055269e+03
1.616207859394823117e+03
1.616587975612937726e+03
1.617631553732772318e+03
1.621351304555499610e+03
1.621413954714776992e+03
1.622150513199155967e+03
1.622071419139708041e+03
1.622775375793492458e+03
1.623100839205654893e+03
1.623321196164830781e+03
1.623305051301466619e+03
1.623242078303598873e+03
1.623690108808905734e+03
1.623472834873269221e+03
1.623298477951345831e+03
1.623437863270108664e+03
1.623400549730577723e+03
