1.000000000000000000e+00
7.300000000000000711e+00
1.899999999999999911e+00
3.700000000000000178e+00
9.099999999999999645e+00
2.369363988286691036e+00
1.218554616879202745e+00
2.429127241208610677e+00
2.311061490248136785e+00
2.207022686985502524e+00
2.498433091814442175e+00
1.852503434522090986e+00
1.813845505866769070e+00
1.819056820759715309e+00
1.822289021422371036e+00
1.823395296841688218e+00
1.828661117543604719e+00
5.452748255837825297e+00
1.806900180480948581e+00
1.828136745469965518e+00
