6.699149524052004645e-04
6.111021813214569109e-02
2.588552664329218378e-01
8.854776152387737465e-02
9.971594082783206137e-01
9.466392572483161016e-01
9.930543190473514192e-01
9.932001424140215473e-01
9.949085424849894999e-01
9.953462127294426809e-01
9.958732923264590475e-01
9.960567397965262026e-01
9.983209894894957692e-01
9.993111988866516526e-01
9.937670250651092774e-01
9.946001006933047339e-01
9.988112848754163720e-01
9.951787875223337965e-01
9.983958698240303908e-01
9.961810134688930951e-01
