8.071744256284260795e-04
2.029471616602030945e-02
8.940117275971996846e-02
9.952830754396737589e-01
3.830187612699650912e-01
9.694467259050303376e-01
9.396779320124939439e-01
9.938474792404909941e-01
8.740163687781945523e-01
9.983562289706678916e-01
9.984038694159650396e-01
9.983846590142287925e-01
9.985904240208663962e-01
9.987022027653382761e-01
9.987143013028284555e-01
9.987070455481640296e-01
9.988796226385928678e-01
9.988415122172320526e-01
9.990131718402383010e-01
9.991155471761385964e-01
