1.778426987988891109e-04
1.807091676948405223e-02
9.791256006115589550e-01
4.799933699097161943e-01
3.694498103707809233e-02
8.564917253400011754e-01
9.937009519206219110e-01
9.917553107701282400e-01
9.929469044100213138e-01
9.937504486226097500e-01
9.947363565672316943e-01
9.993926999981049830e-01
9.989528107175205118e-01
9.975581651845383258e-01
9.974656993071793210e-01
9.975721989370149867e-01
9.978898867755734425e-01
9.976993089679540017e-01
9.975646732516975090e-01
9.977221772297200086e-01
