1.112561039393587326e-03
1.985426565626977891e-01
2.447970096969848408e-01
6.493048443380921020e-01
2.280277406566488529e-01
2.533366639211309113e-01
3.090666967569104528e-01
1.988090220851555234e-01
8.577450358919980200e-01
9.029034112509278787e-01
7.174283700980601530e-01
2.063041632890698640e-01
8.809753485285184427e-01
7.604965368353409083e-01
9.663333407758819549e-01
9.553424104917369597e-01
9.223816451040685038e-01
8.540618514233773162e-01
9.979355127690484606e-01
9.993372110180697154e-01
