9.655107467924723323e+02
1.548922141100817271e+03
1.609515887705779051e+03
1.622563212447999149e+03
1.624932532090529094e+03
1.624464846444652267e+03
1.622945364929552397e+03
1.622904624975777324e+03
1.623233786603549561e+03
1.623531760135240347e+03
1.623106310918403778e+03
1.622721965544513068e+03
1.622766621149138928e+03
1.622489350421552899e+03
1.622791790161987365e+03
1.622938448876519260e+03
1.622971030324743424e+03
1.622976915523822072e+03
1.623186550612575502e+03
1.623383131637320503e+03
