1.261945537728530187e-01
7.971446244078073118e-01
7.935813677277701039e-01
7.884755299278696228e-01
7.922571366428583506e-01
7.916100162529499107e-01
7.950457586815187216e-01
7.918697810480185284e-01
7.924927236426307919e-01
7.936608429747609161e-01
7.963805400611680962e-01
7.900896477725039002e-01
7.949144196255095718e-01
7.953188308421458297e-01
7.948605227907586945e-01
7.932852209428145063e-01
7.941754780431568017e-01
7.891479640649184946e-01
7.914631124509293736e-01
7.915168585747276442e-01
