1.321718256162559557e-01
7.900922232321816452e-01
7.961976823775922529e-01
7.886515107946616698e-01
7.921492070440725453e-01
7.962117676144291334e-01
7.915334182433193533e-01
7.998675505396213303e-01
7.967363467628429952e-01
7.872443056114993842e-01
7.959249431762008831e-01
7.942083061491057583e-01
7.945376772813046440e-01
7.932239681882833349e-01
7.943921778638737274e-01
7.899801719706796010e-01
7.867066850448134474e-01
7.923966269885702740e-01
7.901843517466019540e-01
7.941242256643985531e-01
