1.436424172336571203e+01
1.408987333814203069e+01
1.407930704944296174e+01
1.406881664953976951e+01
1.407783735110322532e+01
1.408232809374830907e+01
1.406964344654235077e+01
1.405776719367964311e+01
1.405074285755723729e+01
1.404385015004149828e+01
1.404269163436090828e+01
1.404657624649381020e+01
1.405180063861262063e+01
1.404917914095129206e+01
1.405298483361241679e+01
1.405397371616566637e+01
1.405394545293015440e+01
1.405565274249954477e+01
1.405491859096717810e+01
1.405492403497253306e+01
