1.135229371784775426e-01
7.761138348947170806e-01
7.771070364530752173e-01
7.896021783988929066e-01
7.833773396757981455e-01
7.752842927039713672e-01
7.805378540642583518e-01
7.810968921573662183e-01
7.829831371603974688e-01
7.829346106610698408e-01
7.774760095488487677e-01
7.816489143319249600e-01
7.834267949168668421e-01
7.776902274108410396e-01
7.851559490043406031e-01
7.778658921842550589e-01
7.801811800715117151e-01
7.834636864307908954e-01
7.792819715579352158e-01
7.831480567180578722e-01
