1.417982051869210913e+01
1.406290886164359755e+01
1.405847045189168831e+01
1.405658123562188955e+01
1.404762250701620907e+01
1.404285150013074635e+01
1.404352398027169002e+01
1.404419281306480727e+01
1.404071828818541334e+01
1.404114067281769884e+01
1.404072688905126043e+01
1.403933518028030925e+01
1.403917318674875148e+01
1.403971161015940616e+01
1.404241820811650143e+01
1.404406574789392970e+01
1.404376112002479715e+01
1.404462689325062286e+01
1.404358737246129429e+01
1.404438579474011206e+01
