1.889255347004047958e-01
9.711531384796222577e-01
9.755309730867209872e-01
9.705909673027063311e-01
9.734679287933551972e-01
9.662988872619108216e-01
9.637568425593565635e-01
9.466878716894054913e-01
9.716126252245640416e-01
7.011348043295302368e-01
9.707003867042492962e-01
9.651236413422930038e-01
9.587584744137243042e-01
9.620870013823129563e-01
9.701115792379827463e-01
9.725481664421051775e-01
9.548210975141001589e-01
9.601857550340615610e-01
9.653015687907651188e-01
9.522849841995428832e-01
