1.375864305819553479e+01
1.394568794417180513e+01
1.400339076206707922e+01
1.401872475071773216e+01
1.402605933899003077e+01
1.403524801635637154e+01
1.403896369824362544e+01
1.404276098488334767e+01
1.404382521668966177e+01
1.404190238448902051e+01
1.404105282594266235e+01
1.403827330210557101e+01
1.403867212216357352e+01
1.403724534766663368e+01
1.403881334083500576e+01
1.403957786546821573e+01
1.403916633031798078e+01
1.405220084482625253e+01
1.405229485778888687e+01
1.405011777815708918e+01
