1.777297854448492420e-01
8.355330148257488210e-01
2.909292606726802677e-01
9.640386154243540950e-01
9.605327860744315993e-01
9.646822361167520787e-01
9.471470409808089297e-01
9.701274808250438531e-01
9.517525584762581703e-01
9.701346688742135127e-01
9.055477606101118848e-01
5.604303912516326314e-01
9.573605605137671670e-01
9.654987381943598290e-01
9.584813866018094819e-01
9.717237767569834039e-01
9.711820951728487028e-01
9.704956732590439561e-01
9.490232665215421193e-01
9.735722042217429539e-01
