1.421105473359136617e+01
1.408562758749374844e+01
1.406454072018013157e+01
1.406120945760860685e+01
1.404376107305262522e+01
1.404820792445835842e+01
1.404792011116839845e+01
1.405078119523289537e+01
1.405556120650793162e+01
1.405541106642848170e+01
1.405287054615455311e+01
1.405417086958461326e+01
1.405447762877468598e+01
1.405361712454219614e+01
1.405062590310653015e+01
1.405100207184499084e+01
1.405038836227616272e+01
1.405055504957698354e+01
1.404779549543460782e+01
1.404677260904582425e+01
