2.420143388225296788e-01
9.828632160568920861e-01
9.835398243125593742e-01
9.851723490071581102e-01
9.857880614984888545e-01
9.834581535645365857e-01
9.863041201349064258e-01
9.849247506456466628e-01
9.804034234872271991e-01
9.840056773360560394e-01
9.874453273098050543e-01
9.862864884745874416e-01
9.809769924978646305e-01
9.801249952269791565e-01
9.883281019144392054e-01
9.802469460107970933e-01
9.719051265618414703e-01
9.677774776064227424e-01
9.736742652101746387e-01
9.862735610142372433e-01
