1.411654798267304933e+01
1.409795601332782589e+01
1.405863339329140693e+01
1.405821644828752071e+01
1.405749709197089814e+01
1.405336544960220380e+01
1.405420991350055004e+01
1.405827074885820416e+01
1.405468330671305388e+01
1.405386747439696649e+01
1.405454805698302856e+01
1.405307388722320816e+01
1.405332253793030439e+01
1.405425219138680326e+01
1.405529507666120281e+01
1.405395719021799117e+01
1.405248876644398948e+01
1.405309737154805205e+01
1.404921339243517053e+01
1.404928481598212642e+01
