2.455682367578439218e-01
9.861523308547696098e-01
9.858541721289811877e-01
9.839904266582549797e-01
9.842560334238773523e-01
9.870688726241740873e-01
9.813063304581328694e-01
9.742943190489022909e-01
9.762916128331433629e-01
9.855711893872618479e-01
9.845737309460624864e-01
9.813414745280983897e-01
9.886320826346457480e-01
9.837043683646742309e-01
9.860623574517878298e-01
9.827306648194930050e-01
9.864367431403623376e-01
9.768671271133285705e-01
9.856509401549375937e-01
9.835157774546642306e-01
