2.435016649098157016e-01
9.782240739842191779e-01
9.801262954037281983e-01
9.856499011301498303e-01
9.719582675627489454e-01
9.872901748944139522e-01
9.837892975241837590e-01
9.861877919566341966e-01
9.870309452658670990e-01
9.860183713412385975e-01
9.872564817303568496e-01
9.879301489884201315e-01
9.857547744459276284e-01
9.709563589695888730e-01
9.787008608747983507e-01
9.883936755316359291e-01
9.818075062036080158e-01
9.720247776715666976e-01
9.800969543927998684e-01
9.715362118107029321e-01
