1.805788464246261826e-01
9.656323118834876373e-01
9.661131219828563710e-01
9.649916504120016336e-01
9.713636614720010387e-01
9.724761541918544028e-01
9.724025216018065132e-01
9.034716126314946694e-01
9.544040262405800723e-01
9.620612069347981299e-01
9.493289844026782109e-01
9.577530583245170703e-01
8.872085025907945344e-01
7.725457900900608577e-01
9.503064782334348370e-01
9.579032142818952877e-01
9.744911992877991480e-01
9.431311356142247915e-01
9.420798328628545715e-01
9.756443200742455080e-01
