8.880882715206455790e-04
1.205816077135590664e-01
9.915100754355906654e-01
9.978384807552302949e-01
9.986887987700237002e-01
9.991618911464342778e-01
9.993377952083398741e-01
9.994434481559451022e-01
9.994720647160164617e-01
9.995729082170669022e-01
9.996155318006618717e-01
9.996595806774832838e-01
9.996952797454218276e-01
9.996981516305677440e-01
9.997443082085202271e-01
9.997776737801888913e-01
9.997726408909227702e-01
9.997908598762080823e-01
9.997882400097979350e-01
9.998201611680197498e-01
