2.734368276717517431e-03
3.159674560182693659e-01
9.905780599953839527e-01
9.985516174145481205e-01
9.989765029338779634e-01
9.993409783444109351e-01
9.993086510950573986e-01
9.994324905957706617e-01
9.995206948386945456e-01
9.996083928035767174e-01
9.996245289635475872e-01
9.996819633799454152e-01
9.997280167100865977e-01
9.997088180776473321e-01
9.997365364303587576e-01
9.997697607100581862e-01
9.997550258625043096e-01
9.997775004348347094e-01
9.997795853413163902e-01
9.997879209957728497e-01
