9.115149216269988983e+02
1.606332745836833737e+03
1.614760722888195005e+03
1.620014797215292674e+03
1.619584621349770714e+03
1.621436918578455106e+03
1.621851202526718453e+03
1.621635123700825034e+03
1.622129207780430079e+03
1.622520154079488293e+03
1.622513770116061551e+03
1.622579716011624214e+03
1.622928190438247611e+03
1.623109998477616273e+03
1.623129808006984831e+03
1.623060071752488284e+03
1.622955401542440995e+03
1.623101440284581031e+03
1.623215322016204254e+03
1.623276443716758877e+03
