8.180340758889268621e-03
4.598068998704988308e-01
9.950484445309850656e-01
9.990233434835492643e-01
9.995059771248617775e-01
9.996026215894926459e-01
9.997281823757372399e-01
9.997823962075665927e-01
9.998125386813144777e-01
9.998004279187082677e-01
9.998217937404021427e-01
9.998486068390782799e-01
9.998738093349055500e-01
9.998715540580688232e-01
9.998767910531788372e-01
9.998838390594496639e-01
9.998969532817882921e-01
9.999054059191337940e-01
9.999119129659662653e-01
9.999269396417997946e-01
