1.211841978001618827e+03
1.627505565259866444e+03
1.613649817037420235e+03
1.618477223359874870e+03
1.621235849422671890e+03
1.622479454991811281e+03
1.622383621790358120e+03
1.623260973447118658e+03
1.623387898782165166e+03
1.623209345013548955e+03
1.623287682527536163e+03
1.623371483248230106e+03
1.623456532792557027e+03
1.623487992952821742e+03
1.623568642501500563e+03
1.623661800845772632e+03
1.623754023277183251e+03
1.623850443382287949e+03
1.623950156591927680e+03
1.624019168667969097e+03
