9.219770745900801785e+02
1.588869508649014961e+03
1.616460111463618205e+03
1.622800454982649626e+03
1.620709627779156790e+03
1.621260087975625538e+03
1.622402216431658189e+03
1.622960666196974898e+03
1.622951800525041108e+03
1.622961796892629764e+03
1.623295974245573916e+03
1.623341405654792197e+03
1.623387839340079381e+03
1.623183410445395111e+03
1.623246886816200004e+03
1.623255202101886198e+03
1.623310391388794187e+03
1.623291702482150413e+03
1.623251991778898173e+03
1.623290876331982417e+03
