9.941718270715222161e+02
1.642705931511526160e+03
1.617795027948636971e+03
1.619127023416892598e+03
1.620396979020441677e+03
1.621718691016011917e+03
1.622309815603566904e+03
1.622421813004083106e+03
1.622650945207335326e+03
1.622611819851846349e+03
1.622841197745903855e+03
1.622973325241350040e+03
1.622909917914282005e+03
1.622891816283635080e+03
1.623121304152326957e+03
1.623283654044246759e+03
1.623254271009228432e+03
1.623296931322664022e+03
1.623296496117625338e+03
1.623203547952517283e+03
