3.269282111535801085e-03
3.789014725747031909e-01
9.918086485119469442e-01
9.984738204118157601e-01
9.991863472472815033e-01
9.993833530605263915e-01
9.994362046770526309e-01
9.996029827376604615e-01
9.996800316760655614e-01
9.997281078263346998e-01
9.997385226020526483e-01
9.997907008733084577e-01
9.998107268891690547e-01
9.998440436772928486e-01
9.998554961226806537e-01
9.998788699590436257e-01
9.998951831942459734e-01
9.998982477501635602e-01
9.998876900952888835e-01
9.998944710760626631e-01
