2.056477253171513225e-02
9.360656403451418361e-01
9.763106280302352724e-01
9.765451960940912945e-01
9.775535466564641007e-01
9.774167407721890966e-01
9.767177894645362457e-01
9.782691630813551420e-01
9.777297703190508393e-01
9.776627760770009168e-01
9.757593169429880087e-01
9.781417955219545712e-01
9.775289683887282699e-01
9.778287819640829603e-01
9.775817493358758270e-01
9.764547822622142714e-01
9.761448740790511502e-01
9.773556881992275791e-01
9.773489397145175284e-01
9.784266799372752788e-01
