1.470306277276690992e+02
1.886425435301035805e+02
1.895761585358462185e+02
1.899430638384432655e+02
1.899966232574585376e+02
1.900554502226704869e+02
1.899937531836977200e+02
1.900328234635624938e+02
1.899913528920550334e+02
1.899169643849075726e+02
1.898436045575120090e+02
1.898072481370808475e+02
1.898012765909645907e+02
1.898311848274475437e+02
1.898658036747303584e+02
1.898335230372446460e+02
1.897860962078910632e+02
1.897690599185125677e+02
1.897929862852230656e+02
1.897873110898668187e+02
