1.337237994095195719e-02
9.432043417337463431e-01
9.657330034203929214e-01
9.645967420385619384e-01
9.670766179289667086e-01
9.676643487411029643e-01
9.654304124518172658e-01
9.671810746534080794e-01
9.667860610065107663e-01
9.667112681379389505e-01
9.691768187536434764e-01
9.673518234507519908e-01
9.669324848610547640e-01
9.666510440253219816e-01
9.658929237720284000e-01
9.686352410072719410e-01
9.663442317928296887e-01
9.669055199976909210e-01
9.682749423303130820e-01
9.675521903901710408e-01
