1.977340616332430159e+02
1.906935261206206462e+02
1.901793777632701108e+02
1.901185603375237463e+02
1.900582290296081567e+02
1.899785928053251212e+02
1.899264212050383378e+02
1.899304177001419305e+02
1.899974574135045486e+02
1.899805914864348324e+02
1.899343031732186375e+02
1.899386920423891354e+02
1.898753452321773523e+02
1.898330363744085219e+02
1.898196802571175681e+02
1.898386002934355190e+02
1.898045449120220667e+02
1.897931272037124870e+02
1.897621360318489394e+02
1.897840142200864477e+02
