1.297970161678321972e-02
9.267164265999139339e-01
9.677108170967023693e-01
9.664614614299741335e-01
9.682021301726578821e-01
9.677648536256784340e-01
9.662464515365329909e-01
9.678666911308201337e-01
9.677306213917371558e-01
9.662265359521485797e-01
9.665110901244557962e-01
9.666860864372860407e-01
9.682875542726919749e-01
9.663185341503600645e-01
9.655694378160913915e-01
9.687402540334597578e-01
9.668728991339597956e-01
9.675192362045447192e-01
9.678715040383839563e-01
9.657978161576109555e-01
