1.482599814851941894e-02
9.417194710268413926e-01
9.657051132282080674e-01
9.657067690015467276e-01
9.687924697072276548e-01
9.658355937566511784e-01
9.655528580534068483e-01
9.666015768570045408e-01
9.670948889483265143e-01
9.673680893677604198e-01
9.666516132154263641e-01
9.666236789384761163e-01
9.679254002972126347e-01
9.676510241429477910e-01
9.675895093030507654e-01
9.673505147237368984e-01
9.662710066185893343e-01
9.683894729224401532e-01
9.661651902939255576e-01
9.685462150160530914e-01
