1.436528530821729044e-02
9.291477845353677267e-01
9.649185369218923336e-01
9.692815442819349148e-01
9.663029014060967592e-01
9.661387190889071386e-01
9.671434224683344016e-01
9.671792704314495781e-01
9.684580418853684369e-01
9.661209082290478367e-01
9.667655986593638451e-01
9.678190234335558584e-01
9.657562512390801546e-01
9.669275667974441824e-01
9.659709881115375874e-01
9.666150633762418121e-01
9.658899674343977004e-01
9.671887302405943743e-01
9.669522669310561813e-01
9.674066669148470021e-01
