1.206340626458705760e-02
9.480834465160818958e-01
9.675773657870028188e-01
9.674261755747908254e-01
9.667931665604694302e-01
9.664671725241711364e-01
9.664740617714305815e-01
9.682055988024765858e-01
9.667623523441208899e-01
9.663525336488919537e-01
9.680281247703286240e-01
9.649912854451871969e-01
9.657366575347927640e-01
9.675885869134972506e-01
9.671969836418264910e-01
9.669221407514675404e-01
9.653511082261450049e-01
9.674060330370685135e-01
9.651234151315540855e-01
9.682812223574187582e-01
