1.985776800809468598e-02
9.496928112902069952e-01
9.750716980476127338e-01
9.777818786570918741e-01
9.760893439055245979e-01
9.764283065670094075e-01
9.754576776433150354e-01
9.770838995507551417e-01
9.772040248125309914e-01
9.795703013092676992e-01
9.752954885875604329e-01
9.775393940879311128e-01
9.770741171906195399e-01
9.775488494595964140e-01
9.770405600021530024e-01
9.775105275546950301e-01
9.785224936532721518e-01
9.784507945301591514e-01
9.773388784796313011e-01
9.774467734842350319e-01
