2.160775268895533827e+02
1.910763798658092867e+02
1.906003956709443514e+02
1.902646750075838042e+02
1.900748072601327010e+02
1.898456954252700370e+02
1.898246952736083983e+02
1.898524145814345729e+02
1.899134465717208400e+02
1.898586568417170781e+02
1.898858750665246760e+02
1.898785690067929863e+02
1.898592403092702057e+02
1.898586192785004698e+02
1.898529928830847950e+02
1.898004745262377639e+02
1.898064747767004121e+02
1.897868249556660771e+02
1.897658493252699259e+02
1.897629018908516798e+02
