8.397367290049606928e-03
6.723586440921988094e-01
9.165344607483725259e-01
9.073304080391862980e-01
9.151411787594309066e-01
9.127748952790353254e-01
9.149811680358389543e-01
9.180739162452102864e-01
9.181611467802540671e-01
9.170002333865846511e-01
9.194403430485976747e-01
9.170494495272908386e-01
9.117718543704986800e-01
9.171741697739349553e-01
9.055258445320354399e-01
9.139871200974186705e-01
9.214603824251604847e-01
9.195308127033741119e-01
5.797713811662605909e-01
9.135336927364465787e-01
