6.982012860628141425e+03
6.991190318929222485e+03
7.014257775028161632e+03
7.022221058950839506e+03
7.029360549380848170e+03
7.028065819090161312e+03
7.028520281693569814e+03
7.031520887211786430e+03
7.032909804724138667e+03
7.028428384340959383e+03
7.028246836019715374e+03
7.024746389984269626e+03
7.025251092985831747e+03
7.026248652967421549e+03
7.025760957264047647e+03
7.027986235786643192e+03
7.027146880024431994e+03
7.025756240475151571e+03
7.024766235511430750e+03
7.024024550515076953e+03
