3.147735419860038292e+03
7.110756044220456715e+03
6.980035145910869687e+03
6.972215331123756187e+03
7.006635685875995478e+03
7.011694082920663277e+03
7.019044911511280588e+03
7.019334578503035118e+03
7.013709663182438817e+03
7.016299838959276713e+03
7.014842579379493145e+03
7.016737344783257868e+03
7.019150098961811636e+03
7.025259644629698414e+03
7.025910854947628650e+03
7.022830799442812349e+03
7.023447804458686733e+03
7.020901429368506797e+03
7.019536259632060137e+03
7.019994871054494070e+03
