3.709551689274795898e+12
1.278733314737700653e+10
4.261406753311072754e+12
8.134802009476123810e+09
3.995882648728872656e+13
1.434072971070986328e+12
3.678574042725175781e+13
2.021991609012016250e+14
1.180649104137513867e+13
1.898208699961031000e+15
1.015941634291940500e+15
8.576137948916552000e+16
3.188815360451055000e+15
5.211914693794985600e+16
1.193776650041211400e+16
3.924127133671544000e+16
3.794606907555477600e+16
3.895937363687195200e+16
3.964019189127306400e+16
3.982174920769548000e+16
