6.752694423058592989e-04
2.339916998069086732e-04
1.826095212682480587e-03
1.065581911034402745e-04
1.176902710563514158e-04
4.127892740545354398e-03
4.914567758165467801e-04
4.610948363024453727e-04
2.242151661433419436e-04
9.815160093946749108e-04
1.408286547795032512e-02
2.288687641647376640e-04
2.688114630974144047e-04
1.254800613106193605e-02
6.567237432074435333e-03
2.188521222637627300e-02
3.017795218041197103e-01
6.830130409297314742e-01
7.743371669301892801e-01
7.884312508298887412e-01
