4.703272933884131038e-04
1.866711790339544797e-04
2.638121444655180405e-04
5.365702571640844007e-04
4.620652843794619837e-04
1.909187171926426669e-04
3.150978936515022675e-04
1.934202198563420906e-04
2.092505089538642055e-04
1.838121603715490429e-04
7.837270897079758698e-04
7.010022300832371251e-04
7.292001816025724418e-04
2.631820431859457042e-03
2.964808467731599746e-03
1.204172006041839479e-02
2.561960589495085872e-01
6.265738749270044483e-01
7.072655952727764372e-01
7.108211379950151176e-01
