2.016778476613289466e-04
2.407674017999622464e-04
2.522663395854201815e-04
1.695900407233823291e-04
1.444450206889674022e-04
1.666770733762601225e-04
4.805755710301170300e-04
2.001255738708113846e-04
2.026665336061308532e-04
6.465574107602597596e-04
4.765726015712699881e-04
1.485617440297923287e-04
1.876830718392424662e-03
8.579283551609360233e-04
2.256647939686581936e-04
3.519636319794577028e-04
1.916574247403872553e-04
4.789993256282870995e-03
1.042155292472826678e-02
1.146934162831089038e-01
