1.524056764188711258e-04
1.024993035110067553e-04
1.170950494596892497e-04
1.274112913252973449e-04
5.155643691936763213e-04
1.210775570015074510e-03
4.356513959354088583e-03
4.270353711144762063e-04
5.308920261152860797e-04
3.205888285171808096e-03
3.968642929926058448e-04
5.889434356288029710e-04
3.758377086417728254e-04
1.949678636502033470e-04
5.022303765828684853e-03
8.600784092316418605e-03
1.132419978630817697e-01
3.664410410999971446e-01
7.216732320940406620e-01
7.772960395898763641e-01
