5.760782819206614990e+11
3.659110743931508541e+09
1.036672707227676025e+12
1.316324410802817535e+10
1.786320227295443848e+12
2.726937267109758301e+11
3.448120932679619922e+13
2.475635482157958984e+13
4.038774651224017969e+13
4.736604012874765625e+13
3.005679912338791200e+16
2.022277407191659375e+14
2.757754367849713000e+15
2.443977782380211200e+16
5.216139360864877500e+14
5.876098034670816000e+16
1.278056930814082800e+16
2.525004951487025200e+16
2.998389965684799600e+16
3.313371898246919200e+16
