1.638229342790939024e-03
5.000812212185744982e-02
4.416244524428980522e-01
4.768706043056453736e-01
4.685613948808137197e-01
4.754639572182510210e-01
4.682023807092208778e-01
4.693223457981351432e-01
4.682974772599441393e-01
4.674629553460760145e-01
4.690624352943293385e-01
4.694540517649075095e-01
4.654619691984269170e-01
4.735984095899066215e-01
4.638908618179169441e-01
4.691307030317465876e-01
4.699817878195495235e-01
4.691780398328350699e-01
4.759670495487478004e-01
4.705420687439934579e-01
