5.848384825903328891e-04
3.549000869111720163e-02
4.322277750026410348e-01
4.641579973985772156e-01
4.731146834027561421e-01
4.758582098346606504e-01
4.768810304740299655e-01
4.686263052207447766e-01
4.702607836231059157e-01
4.703363677412893962e-01
4.719200557150446396e-01
4.655424465862912364e-01
4.685117433453568347e-01
4.708965749604329676e-01
4.802521626586166437e-01
4.713140487957148683e-01
4.697114267866683845e-01
4.735920405173689174e-01
4.751818845978830752e-01
4.704354297994148837e-01
