1.608728756181075897e-03
5.757708242891568934e-02
4.340799636856758625e-01
4.726614327644463875e-01
4.751514134702280456e-01
4.691533227244781279e-01
4.669019375104622172e-01
4.660074335557926606e-01
4.698558092111460027e-01
4.738517432948734509e-01
4.650895094868805479e-01
4.742344838034868171e-01
4.710873533075839448e-01
4.757843906062992900e-01
4.707617581874363188e-01
4.716975594810514094e-01
4.692153615356748908e-01
4.818422848340601639e-01
4.678979194875678704e-01
4.685251311444104672e-01
