2.301927035523228187e+04
3.409200774879551318e+04
3.050733099415481047e+04
3.079452407231391771e+04
3.097161902255981113e+04
3.082723331836808211e+04
3.088654581875562508e+04
3.089054505800030165e+04
3.087084754585706833e+04
3.091673761447958168e+04
3.085785780475168940e+04
3.084177633220114149e+04
3.084439478842537574e+04
3.089324779260880678e+04
3.086709517703830716e+04
3.086848926866782131e+04
3.091728915757354116e+04
3.087957307951782423e+04
3.090857814543823042e+04
3.091360112130826383e+04
