2.771017114430873599e-04
6.128721522082577859e-03
2.766090836922188156e-01
4.295537100411603304e-01
4.320278426190815035e-01
4.273274405872024007e-01
4.350037308119377721e-01
4.297231489987503594e-01
4.308910650948631904e-01
4.330660513260433664e-01
4.259051131540005364e-01
4.302023706925574564e-01
4.330727502854057054e-01
4.374186469036494551e-01
4.262459405284873548e-01
4.321422744461463905e-01
4.373247902802946951e-01
4.251935633978729534e-01
4.327306161183546718e-01
4.319722696399617701e-01
