1.319870144673631876e+04
3.389883764709055686e+04
3.095970899652395747e+04
3.112567279896822583e+04
3.097430757065605940e+04
3.091562454750170582e+04
3.086931030951378125e+04
3.086879688571904262e+04
3.088048674141339870e+04
3.082554189541755113e+04
3.086756798692808297e+04
3.087325327516678954e+04
3.089416706250957213e+04
3.089087650756701623e+04
3.092224760424348278e+04
3.092166057856339830e+04
3.096958810974751759e+04
3.095066972804300167e+04
3.096829664663931544e+04
3.097131494091729473e+04
