4.471433382135800785e-04
1.142411050336891200e-02
2.808219167111634662e-01
4.302997912065123498e-01
4.276988150555459667e-01
4.344232630386039573e-01
4.270615476479829309e-01
4.291270295632659271e-01
4.367210572548501646e-01
4.295687735418020070e-01
4.313317927586279854e-01
4.378576714627349653e-01
4.302634719610457514e-01
4.291191589386012528e-01
4.281709090855344568e-01
4.349598865248412993e-01
4.350421148293410201e-01
4.378170779454808592e-01
4.369219217439433423e-01
4.298150427960350517e-01
