7.087778703266043158e+04
3.183957833381001183e+04
3.053876722461311510e+04
3.081045345734825241e+04
3.104690342091731509e+04
3.119295837752973603e+04
3.109214733833260470e+04
3.099573491076803839e+04
3.104673721625327380e+04
3.097809977458765570e+04
3.091551317550126259e+04
3.094397098968570572e+04
3.085945106454565030e+04
3.088402348330352106e+04
3.087866842605510101e+04
3.088511898139987170e+04
3.089446880446068099e+04
3.088481509386723337e+04
3.088280628302925470e+04
3.087768972431227303e+04
