5.863029786186213857e-04
2.009407503520442909e-02
3.383975450851863243e-01
4.739256205247733278e-01
4.738708225678930352e-01
4.706852913854761011e-01
4.707972192356636998e-01
4.786047062524743101e-01
4.751236974270549585e-01
4.723854089065637751e-01
4.765755559855444079e-01
4.733144656510288040e-01
4.691559384760953799e-01
4.686778830874012147e-01
4.722423650424792396e-01
4.732445782461435768e-01
4.692026355769983725e-01
4.713167945443426099e-01
4.761502455021993652e-01
4.655456093459692246e-01
