1.555290656182413064e-03
2.140202935679824114e-01
7.572113827196473856e-01
7.809459480180682700e-01
7.794271121763836074e-01
7.824643620527643728e-01
7.800299086527674453e-01
7.820726296466541383e-01
7.862924352517174365e-01
7.833586307835193052e-01
7.852458979558021301e-01
7.836005341280929404e-01
7.783835789786621717e-01
7.827171528199965422e-01
7.844800607028995509e-01
7.827988176142949284e-01
7.867901209786895000e-01
7.834511937736597931e-01
7.842226340978860621e-01
7.840982826376867720e-01
