7.085479044094447057e-04
3.397699567673504589e-02
6.448949898151570270e-01
7.831572709775250773e-01
7.831747999987348496e-01
7.883165242855866284e-01
7.823366866453155266e-01
7.831015192969260630e-01
7.830666063748916716e-01
7.854541739836811143e-01
7.817048456979023285e-01
7.871664680784049573e-01
7.855017733041396166e-01
7.862280971314009603e-01
7.828790485635253038e-01
7.872011091208601652e-01
7.834701708362692418e-01
7.809680650941169811e-01
7.842291776127903180e-01
7.825123577470711744e-01
