8.674262966606113585e-04
9.859675715368687587e-02
6.822091403522755337e-01
7.829886492029688450e-01
7.746920521732801879e-01
7.790514327650851500e-01
7.831920618388577005e-01
7.828963642234846310e-01
7.796883541671159046e-01
7.830484794232479562e-01
7.824977363129540509e-01
7.845194189928766937e-01
7.836856178718143440e-01
7.843149583234124700e-01
7.798265660212714279e-01
7.794763234690356146e-01
7.823039406146193864e-01
7.849207755833277345e-01
7.850521838839368272e-01
7.845270474883426770e-01
