1.419796926837184120e-03
4.982173640247759133e-02
6.617941325804628239e-01
7.694247111604186617e-01
7.838052900556041758e-01
7.830813958719006207e-01
7.788637098930569769e-01
7.804501308128942716e-01
7.840511587732998944e-01
7.843767936668252228e-01
7.862476310096938592e-01
7.799506651132490642e-01
7.835525932501279378e-01
7.831525474023998123e-01
7.796205896882864028e-01
7.837448757471798810e-01
7.858563929201354270e-01
7.851875450136336365e-01
7.818099066384209817e-01
7.833063125879177191e-01
