1.174785476261425068e-03
1.569496345933343862e-01
7.478941419128851686e-01
7.820324799987709019e-01
7.830442004705232550e-01
7.808686402244608971e-01
7.834177412852466604e-01
7.872839558507114255e-01
7.814138800413438224e-01
7.829150039146655082e-01
7.868300667070856624e-01
7.858908125251191645e-01
7.848149516781082191e-01
7.847167617879151624e-01
7.824028043391472176e-01
7.861010919642579253e-01
7.824441116144497110e-01
7.859925232205601242e-01
7.846876527939896651e-01
7.853150795719874289e-01
