2.033350580452462600e+04
2.629279639088257682e+04
3.086396880983954543e+04
3.079689915326747359e+04
3.088522971924685044e+04
3.088512870424205539e+04
3.093834077225194778e+04
3.098362066301594314e+04
3.092211530709751605e+04
3.092442258933445555e+04
3.093031737085562054e+04
3.093676363462187510e+04
3.096828204464100781e+04
3.095135208517929641e+04
3.096578382844576481e+04
3.096493909709190120e+04
3.097486061030091150e+04
3.095714695385791856e+04
3.095495796664081718e+04
3.095400354485418939e+04
