1.520883213455992032e-03
4.919442278330476981e-02
2.903716785591179891e-02
3.949809352420764752e-02
5.765192393544189831e-02
3.608603740377547275e-02
2.258460463614900271e-02
6.885866073313461067e-02
4.925819380353819998e-02
8.212404231393793941e-02
8.217476920693381204e-02
2.527935576821582417e-02
3.183107382549794917e-02
4.004988944674983675e-02
8.908028232433565230e-02
3.562035607805043996e-02
3.438210685834890146e-02
8.104731971910270061e-02
6.787363780064788188e-02
4.674214680808802536e-02
