4.643537783233578666e+05
1.987315098739298992e+06
2.547310157016443554e+06
2.661776087371118367e+06
2.691861123056879733e+06
2.703433613146123476e+06
2.705709953908607829e+06
2.709766534423028119e+06
2.714250518656006549e+06
2.716202221186907962e+06
2.717089395712496713e+06
2.717099399940594099e+06
2.719070503157124855e+06
2.718752004820407368e+06
2.718468181523154024e+06
2.716694106743906625e+06
2.716284259797672741e+06
2.717136934904888738e+06
2.718428478367725387e+06
2.717719906641865615e+06
