3.259258158947698006e-03
1.268740948199003141e-02
1.455752762419278701e-01
7.627298072253005934e-01
8.561167384548175052e-01
8.536420219055989023e-01
8.584486976248508761e-01
8.544438274360238728e-01
8.578566270512598679e-01
8.542155788839460584e-01
8.605338406444774657e-01
8.623327278121074579e-01
8.549607467735468314e-01
8.591503773831052904e-01
8.617638869925992040e-01
8.604573939176219932e-01
8.607711460058241615e-01
8.581515247651702039e-01
8.618080249104911328e-01
8.594566916343465701e-01
