3.449566166394569936e-04
2.718684111505477452e-03
2.381871345770013651e-02
5.812513776228226403e-01
8.024503842889919580e-01
8.113834062909843770e-01
8.099258809304982210e-01
8.160515700177116694e-01
8.146380766146119612e-01
8.168559083601125703e-01
8.174521494443803826e-01
8.124588871502389509e-01
8.170460441482649827e-01
8.169951101463823750e-01
8.214229611546211007e-01
8.151799944066168147e-01
8.130661376731650458e-01
8.192114897423131703e-01
8.128451518679423726e-01
8.157283278661834336e-01
