2.047989111536062184e-04
2.347759346839181985e-03
8.316506712932625681e-03
2.682124839839286623e-01
7.849866598968144871e-01
8.100974540246967948e-01
8.134165821060422852e-01
8.144086857309166261e-01
8.138477009472637747e-01
8.128207781042232627e-01
8.149292778182974928e-01
8.150095723537831294e-01
8.131868801316929352e-01
8.187599489349715043e-01
8.150039682889999026e-01
8.131000440465585566e-01
8.141017234193365093e-01
8.159331290618401233e-01
8.121369385013674780e-01
8.166411792428699412e-01
