5.213759789007931357e-04
3.677872619998683468e-03
4.056716694436597603e-02
6.529581406965317969e-01
8.028341693696214865e-01
8.124865433692529670e-01
8.122434626627360599e-01
8.126479430024006190e-01
8.103590267262585911e-01
8.164281971043340080e-01
8.150858697228550165e-01
8.148365106615702569e-01
8.136143570482539111e-01
8.204298864302200789e-01
8.169339282645854405e-01
8.168870721628614939e-01
8.186990050753391035e-01
8.171002781196227138e-01
8.142779050075530378e-01
8.171388196473821086e-01
