9.279533485823334195e+05
2.156908806201034691e+06
2.645368853528206237e+06
2.634698363640936557e+06
2.690018355292350054e+06
2.703506245400671847e+06
2.710583388561019674e+06
2.712545766237829812e+06
2.715737594873064663e+06
2.713689749725569040e+06
2.715538697933467571e+06
2.717040678754752502e+06
2.717988334463197738e+06
2.717453380930692423e+06
2.718367670653052628e+06
2.716852998449094594e+06
2.715053620214649010e+06
2.715620945875917561e+06
2.715035375184564386e+06
2.713393488202329259e+06
