8.359009337707898465e-04
1.212227862231037619e-03
2.529094975468906825e-02
5.202660383149559920e-01
7.978181939288850888e-01
8.085579097166099016e-01
8.070395392242480925e-01
8.115370417205942655e-01
8.088980033662845903e-01
8.159665644192096723e-01
8.189438009742003866e-01
8.155363603115676208e-01
8.157771704630337739e-01
8.124099184337564283e-01
8.182955837643739461e-01
8.179070851067851144e-01
8.188456592531151434e-01
8.163266840675215130e-01
8.158837577017651332e-01
8.126859286593244303e-01
