8.680503581934943213e+03
7.001913914207023481e+03
6.988353579597855969e+03
7.012982654181990256e+03
7.024912281796837306e+03
7.020843534833195008e+03
7.019735513836726568e+03
7.025439437555311997e+03
7.026542844192502344e+03
7.032368465795564589e+03
7.031189041289038869e+03
7.028298588972378639e+03
7.027429694702634151e+03
7.028179113976402732e+03
7.029486804161283544e+03
7.029038162701525835e+03
7.028079444014013461e+03
7.029131102839563027e+03
7.028631661642276413e+03
7.029309690021094866e+03
