4.380695013704005367e-03
4.211979362745616462e-01
9.420944397329668041e-01
9.444031386752759216e-01
9.472583503536449179e-01
9.473101076945260601e-01
9.450906062620406667e-01
9.462338003182867441e-01
9.455167855421913181e-01
9.467265584743167484e-01
9.456414704791221704e-01
9.468850310161821549e-01
9.468502936669022096e-01
9.457174616711805371e-01
9.475765110430921512e-01
9.468544963432392603e-01
9.450695789088638943e-01
9.451781349946778432e-01
9.460992783820640906e-01
9.462343843653007180e-01
