1.085092235148614817e-02
5.165090637278421104e-01
9.570479548771938516e-01
9.624301712303897638e-01
9.616511252824552214e-01
9.593402779290020055e-01
9.614631974895996303e-01
9.615096877811768472e-01
9.601059986623224907e-01
9.621256724410801597e-01
9.594143239674249868e-01
9.614696395815029994e-01
9.624216664512212915e-01
9.608355259231016188e-01
9.624451178740104362e-01
9.628951421632160335e-01
9.617910837034898686e-01
9.609761584050448002e-01
9.613783854798734207e-01
9.614886111680631675e-01
