5.734947685564805234e-04
1.932918190802379033e-01
9.358942233245419740e-01
9.447494625981049943e-01
9.436946244689090602e-01
9.446322715571517925e-01
9.446562328956825683e-01
9.438152288447234639e-01
9.449780486321022188e-01
9.453442475979613180e-01
9.457745609007670584e-01
9.458318916783828856e-01
9.460562148192280807e-01
9.479819635506708808e-01
9.457306116288850539e-01
9.454999637245724564e-01
9.466965959236685046e-01
9.450349860106002087e-01
9.475267244018099611e-01
9.456187408477545464e-01
