1.348008146143944534e-02
5.002692954719853979e-01
9.567471391930536528e-01
9.611981992607986358e-01
9.603088565198113491e-01
9.604530143643833506e-01
9.613127344647355299e-01
9.621116700691620949e-01
9.603601876681640004e-01
9.619780540757550957e-01
9.625784454113133215e-01
9.592267103190569300e-01
9.624785284184358414e-01
9.615930431667862877e-01
9.628948147440550276e-01
9.623256376158956238e-01
9.608453921003454745e-01
9.611820476744961095e-01
9.618179785960941919e-01
9.646135687585151164e-01
