1.379087819154826413e-03
3.011095225700742839e-01
9.419888889995691184e-01
9.424674332434561652e-01
9.467961184479832815e-01
9.446146768864369658e-01
9.454074466111879183e-01
9.450030904300334988e-01
9.449344894274102069e-01
9.472406046908489197e-01
9.457817811739367420e-01
9.455912011090712443e-01
9.461942185853972065e-01
9.460349694261728226e-01
9.454250822302651125e-01
9.476858563963369564e-01
9.472880298134914723e-01
9.443833421934784145e-01
9.472242030678766911e-01
9.439229333738349270e-01
