4.514453342659969712e-03
4.788539971495109349e-01
9.600964521782564542e-01
9.592573577287196729e-01
9.626666532440475432e-01
9.608518814419066967e-01
9.614402852418232337e-01
9.610406225836854999e-01
9.611522573758725096e-01
9.627056810590227665e-01
9.616227703251463144e-01
9.615080290734495660e-01
9.620527375264917858e-01
9.618896804683342294e-01
9.614270104612373524e-01
9.631472527011749607e-01
9.629029403654620900e-01
9.606924413624517989e-01
9.627312257335998158e-01
9.601938119789295012e-01
