2.466075785858433313e-03
3.509556541020473763e-01
9.518523296158848401e-01
9.606840106434585413e-01
9.604887155754826544e-01
9.606206373284181810e-01
9.614467889746909357e-01
9.626298972727027614e-01
9.612219468219959095e-01
9.630554530562310811e-01
9.609696582102473794e-01
9.627518320367901561e-01
9.620174370339993342e-01
9.627877894355992838e-01
9.619886907430322820e-01
9.611479101556140714e-01
9.600626895938798588e-01
9.624247501141317551e-01
9.628631203094041302e-01
9.616143583459003663e-01
