1.805571209857324182e-03
1.331424550662486852e-03
7.936182692498180979e-02
7.469629288543486734e-01
8.741910529270384700e-01
8.825395148989110261e-01
8.801412501868220994e-01
8.839189577090498240e-01
8.809973032380680191e-01
8.841134373709436112e-01
8.821473414711101801e-01
8.829652780750455454e-01
8.830868937282412290e-01
8.852012783857926559e-01
8.837876731966506361e-01
8.831700410572895787e-01
8.809179917517784286e-01
8.823830648691107781e-01
8.824427709927870067e-01
8.854579436162006711e-01
