1.334440957128867067e-02
5.771189332984986292e-02
4.284376179113691396e-01
8.629514385784083919e-01
8.818631374372724041e-01
8.806764182597038859e-01
8.808708260434652271e-01
8.791063863773806997e-01
8.807389787590688135e-01
8.849402903993361935e-01
8.818983433265550342e-01
8.857791125833264223e-01
8.827773628091690750e-01
8.805853974726757238e-01
8.783670839483357362e-01
8.824227344059016875e-01
8.841969657086981016e-01
8.850870728453982261e-01
8.849851376938524528e-01
8.860971147519968172e-01
