1.097273581123749743e-04
1.735068274299733301e-03
1.540464308257847095e-02
4.567705543581837002e-01
8.242001264381135783e-01
8.399867804993188525e-01
8.388036425470373203e-01
8.380659899146658542e-01
8.394564922018565856e-01
8.409804404123837340e-01
8.421126781355846580e-01
8.408861658014755713e-01
8.426049856584759690e-01
8.443485950627348524e-01
8.421391906575054209e-01
8.438054116821605000e-01
8.396663390617566947e-01
8.345833928600546736e-01
8.402940893610987283e-01
8.422287065608132783e-01
