6.042506221785186142e-03
1.520331174066741689e-02
2.983154675300712655e-01
8.162097790600183478e-01
8.308870719546901373e-01
8.384431539942556189e-01
8.370767240113528018e-01
8.448811182356161797e-01
8.422900107392881086e-01
8.422383522509363507e-01
8.391700152643861710e-01
8.437725231781034729e-01
8.429682064371100125e-01
8.426261983038525472e-01
8.415151138220919869e-01
8.395937138797704424e-01
8.410075010467151779e-01
8.407727462093724791e-01
8.392458813024697983e-01
8.393674868671558986e-01
