7.314315761712754556e-03
1.096302383714492686e-02
2.258122870339933919e-01
8.013180284681920007e-01
8.327476310294663620e-01
8.392882688996806673e-01
8.376516916274803215e-01
8.405925488904704146e-01
8.438826980513022269e-01
8.412489651754687658e-01
8.422840536043939563e-01
8.437484822031360299e-01
8.414244116226676784e-01
8.441075998696566662e-01
8.421899029542168069e-01
8.404666168779763025e-01
8.446804290534767334e-01
8.398298912306365605e-01
8.435531889452275722e-01
8.436089748660235976e-01
