2.503272911944347534e-01
8.106066281203507806e-01
8.047268834228130663e-01
7.942789966530856560e-01
8.094417223366908720e-01
7.879146126522904581e-01
7.977197539946293547e-01
8.013228116669646184e-01
8.106947892831229963e-01
8.119782202909539004e-01
7.950420611573090213e-01
7.971075768036037790e-01
8.046974894814655777e-01
8.068739509886325711e-01
7.235097491263154934e-01
7.182821613203002054e-01
7.323787818458796783e-01
7.447008185476678976e-01
7.489425288457155494e-01
7.482414025673105318e-01
