2.490665326991631234e-01
9.100934392439663512e-01
7.933339392011737878e-01
7.955692935732753268e-01
8.068029491953349064e-01
8.042345747492191110e-01
8.118142808789553522e-01
8.202147589966171104e-01
8.219642798693032049e-01
8.015381382306970837e-01
8.039646149446606493e-01
8.032803102631855818e-01
7.793219462920887297e-01
7.635671332677016476e-01
7.685922730888420373e-01
7.743498342989695304e-01
7.798131492099702466e-01
7.820748787168866345e-01
7.934413371639138512e-01
7.773445289482155962e-01
