2.109827515953205113e-01
7.978879067261117619e-01
7.421215187111994682e-01
7.492352447416487093e-01
7.766811505355931677e-01
7.927649235309363052e-01
7.971944971647959566e-01
7.916062178819651685e-01
7.698943089461610656e-01
7.857831879100075634e-01
7.898886404176421738e-01
7.915407987841999171e-01
7.812527427224803533e-01
6.653177705403969799e-01
6.821369973518374152e-01
7.000966292757186960e-01
7.010464041219571785e-01
7.055629195119628161e-01
7.145461799650509871e-01
7.234851177344981954e-01
