2.050050752197005444e-01
8.560502038188407825e-01
8.233235125182748471e-01
7.384531339649044179e-01
7.518145129034560226e-01
7.502163358060113252e-01
7.633805247271676642e-01
7.618761953811311605e-01
7.374513398187331203e-01
7.397034658096858228e-01
7.331932370617769701e-01
7.460927607111618176e-01
7.547068449369449539e-01
7.513231787572373088e-01
7.460518227303112315e-01
7.532909668397579361e-01
7.554982191885262210e-01
7.637966776077690367e-01
7.528538574681169493e-01
7.604755413566953726e-01
