2.005766821953430257e-01
7.946878777559193141e-01
7.023591248131545450e-01
7.375466899896724327e-01
7.594485456989954475e-01
7.688011510508654389e-01
7.783186403246911134e-01
7.826501599431474610e-01
7.847411774654081684e-01
7.775767072695070059e-01
7.355418075456183757e-01
7.208234884171875745e-01
7.259083940042014849e-01
7.124326476498246130e-01
7.122149716004069209e-01
7.153131776244593398e-01
7.148174088549000826e-01
6.908787750702488628e-01
7.004609163092678781e-01
7.053231063486150587e-01
