1.992334678045197538e-01
8.014858489932068508e-01
6.700043570781640812e-01
7.486897061715500623e-01
7.738417700064942339e-01
7.833075156273648920e-01
7.720095322246591785e-01
7.770836215980860828e-01
7.682656312928282105e-01
6.407870654846629099e-01
6.774464426516294546e-01
6.891997400047590316e-01
7.026820930081334460e-01
7.131873670809727450e-01
7.153601026684026642e-01
7.195772272305281936e-01
7.244680694216532046e-01
7.253497211899567754e-01
7.225511331148135596e-01
7.034477048337287597e-01
