1.794387721673718488e+03
1.582516324295741015e+03
1.597177929253252159e+03
1.592400654532720864e+03
1.589011835233950933e+03
1.591935948208351419e+03
1.589034818183762354e+03
1.593538836584104502e+03
1.595962324829770751e+03
1.595151903341812158e+03
1.594218765443897155e+03
1.601587810730121191e+03
1.601821684278203520e+03
1.600694567606972441e+03
1.601456755774632256e+03
1.602708805547301154e+03
1.603336426454066213e+03
1.606200120347254369e+03
1.606586490025824332e+03
1.604641421035280018e+03
