2.719885510766754423e-03
3.313293298498621309e-01
3.757171379102232089e-01
4.605454753502364884e-01
4.615214454759338225e-01
4.767134866421329220e-01
4.911607903827429622e-01
4.978934514629872465e-01
4.428756608974645514e-01
4.290442905301845022e-01
4.544997535748384609e-01
4.503644463200635051e-01
4.756242556081199946e-01
4.056267951712989595e-01
4.343388104497516999e-01
4.237428689062669451e-01
4.273514021934330387e-01
4.154095749240965252e-01
3.697295146803223909e-01
4.370771895230081139e-01
