1.028809159598484272e-03
3.907209481110702765e-01
4.965736622429127722e-01
4.471739570860489010e-01
3.294334450103843515e-01
4.907914733264664431e-01
4.416438256665020101e-01
4.538852171828456905e-01
4.553660030502327816e-01
4.149503783816689273e-01
3.534708325626638725e-01
1.678083180968183985e-01
3.369368613265156798e-01
3.416844015565790871e-01
3.773815693984772235e-01
3.542703642365334638e-01
3.487860107267936050e-01
3.865882116125018420e-01
3.800416869373147155e-01
3.844079155543020931e-01
