7.324514953737554278e-04
5.608121656037022432e-04
4.606457320954036459e-04
1.022215198507988839e-03
4.886324646267943073e-04
3.110814575888054545e-02
5.554597605256348519e-02
1.096413057990663041e-02
3.660334758159845131e-02
1.981968199148251286e-02
5.847180319092645968e-03
9.770042167198168814e-02
4.493391795615214040e-02
2.057524572085660339e-03
5.228559718400792311e-02
1.188983143446958012e-02
1.114830284247680797e-01
8.816002176785643629e-02
2.804264493135158465e-02
3.806515442348922668e-02
