2.154751079149689295e-03
1.036365441918131892e-03
4.015717340179358018e-03
4.140505644050419820e-03
1.312360902836897866e-02
3.998388917535110679e-03
1.988899799326367124e-02
4.142159594511762161e-02
1.310004879075986686e-02
2.390389692394600737e-02
3.651561606653712377e-02
2.572872292782865319e-02
1.594578536109718392e-02
3.531097259398177386e-03
5.587562021805290990e-03
6.092007162708016482e-02
2.861492102314549049e-02
2.451734526231549513e-02
8.618986782529271772e-04
5.838020669934013834e-02
