1.166786889369125129e+04
2.627655083156784713e+03
4.269233455377660721e+04
2.787704618255616879e+04
8.022992644766399462e+04
8.198466133377526421e+04
9.156030002441235411e+04
8.907587595607762341e+04
1.083814100819134765e+05
1.000737149162538408e+05
9.667404557011803263e+04
9.682217437270954542e+04
9.642094664648723847e+04
9.889994345410376263e+04
9.627545473111918545e+04
9.644336850936937844e+04
9.589777814581466373e+04
9.773317982679021952e+04
9.801210363988236350e+04
9.806278662845981307e+04
