4.491437991571661618e-04
1.103910206489554235e-03
4.760263673528268135e-04
6.554423884586101177e-04
3.214105042683448443e-03
6.607693372537503003e-03
8.823078511331216775e-03
6.345634394593045735e-02
4.878557902479089409e-02
3.352719822361215074e-02
1.304085066688738803e-01
3.208269921256196727e-02
2.740376172153261361e-02
4.594019245731618961e-02
2.838035376210442176e-03
3.279707190291144409e-02
1.241298769207326708e-02
7.698491757871357699e-02
8.339200127539310448e-02
1.235699191098425451e-02
