1.581910820529243028e+04
2.449300078265979664e+03
3.811627188029249373e+04
7.056737053485230717e+04
1.101387070242330810e+05
8.388605046803117148e+04
8.560177828428562498e+04
9.507369029459707963e+04
9.352281872925613425e+04
9.624439725947607076e+04
9.778711814415887056e+04
9.753996268435489037e+04
9.792376492235751357e+04
9.889363239456305746e+04
9.992394930057424062e+04
9.931555743024172261e+04
9.940672947059133730e+04
1.004360178681136167e+05
1.013218885242573451e+05
1.011480435906798521e+05
