1.704082415008367768e-01
9.994334891204038618e-01
9.995454254755523626e-01
9.997162840650866134e-01
9.998376089898904917e-01
9.998703578125623936e-01
9.999226542785780714e-01
9.999514367832038619e-01
9.999678788019191744e-01
9.999735562210768647e-01
9.999747770480864606e-01
9.999794526369325531e-01
9.999885802328702944e-01
9.999847650128469434e-01
9.999869288571338055e-01
9.999768136223822212e-01
9.999874501543907224e-01
9.999771653042129893e-01
9.999786740430034460e-01
9.999739593561708384e-01
