2.213171522775832512e-01
9.998105932002323559e-01
9.995090860623492279e-01
9.996212808878561784e-01
9.997786618335054998e-01
9.998688676510799622e-01
9.999369559236871430e-01
9.999613571562844250e-01
9.999598762071739699e-01
9.999621627637820254e-01
9.999499170566369388e-01
9.999566632685910061e-01
9.999526571430881194e-01
9.999527869656664736e-01
9.999674477902774639e-01
9.999744802625329942e-01
9.999677607792790690e-01
9.999794602197319415e-01
9.999847111225116381e-01
9.999904705018877182e-01
