2.225363820579319973e-01
9.995078236631161905e-01
9.997638946733514720e-01
9.998433802860527964e-01
9.998082366125671250e-01
9.998790982712855158e-01
9.999119539091776421e-01
9.999011306211874617e-01
9.999169011384542172e-01
9.999095041307477505e-01
9.999229681131812653e-01
9.999326653481545035e-01
9.999478592531934051e-01
9.999509401625972238e-01
9.999564616163487685e-01
9.999690169547861274e-01
9.999774934212244393e-01
9.999750978646547717e-01
9.999716246747077930e-01
9.999786239481717187e-01
