2.182605612271691919e-01
9.990989483411205629e-01
9.996944687583713129e-01
9.998066764759735436e-01
9.998773971428845941e-01
9.998986887483169994e-01
9.999048421962251076e-01
9.999393662171860431e-01
9.999641847632380065e-01
9.999510034119220014e-01
9.999486892261056914e-01
9.999574777251181157e-01
9.999556952541978072e-01
9.999553464824312288e-01
9.999624133489307676e-01
9.999641509609621393e-01
9.999697765904017599e-01
9.999762802485951951e-01
9.999699453496467827e-01
9.999731652349139743e-01
