1.421765477764301977e+01
1.403383886826944327e+01
1.404484431055874971e+01
1.405115569733237457e+01
1.404737556547075705e+01
1.405605076975449741e+01
1.405582958926779824e+01
1.405579854612912527e+01
1.405049582977751577e+01
1.404791496372260617e+01
1.404808055201543482e+01
1.404802561963622409e+01
1.404740952531409626e+01
1.404853982177681360e+01
1.404836284847246830e+01
1.404951749984568998e+01
1.404945236752815774e+01
1.404896663910839116e+01
1.404893579925307101e+01
1.404943254517394813e+01
