2.309195216089990066e-01
9.997395596896145875e-01
9.998694035021168380e-01
9.999044129692331584e-01
9.998864158595472951e-01
9.998984759340731054e-01
9.999530917641550332e-01
9.999769792595718521e-01
9.999784857831844898e-01
9.999647817481844836e-01
9.999584571375091935e-01
9.999587506596854247e-01
9.999605256322781077e-01
9.999668484468710039e-01
9.999712666832898389e-01
9.999724455337191120e-01
9.999758180636781901e-01
9.999725906318350788e-01
9.999758482787464153e-01
9.999812706619645164e-01
