2.227396639843502724e-01
9.995837510017747674e-01
9.999400993800912074e-01
9.999355889175346457e-01
9.999224318852686366e-01
9.998996189404710799e-01
9.999549052686187434e-01
9.999805385702615901e-01
9.999724683062842789e-01
9.999769405385118271e-01
9.999688276118983143e-01
9.999629963487792761e-01
9.999707664316281885e-01
9.999655995397008779e-01
9.999596687748882884e-01
9.999584079942069881e-01
9.999563984472695788e-01
9.999527880860491491e-01
9.999668375038002210e-01
9.999697473975455164e-01
