1.445025070650752497e+01
1.412214335774138085e+01
1.409882546600098685e+01
1.407867102977791163e+01
1.406486525570680080e+01
1.406418241812309589e+01
1.406138755283673092e+01
1.406005587619787178e+01
1.405646448242206681e+01
1.405774710103407976e+01
1.405628991870928601e+01
1.405619598466783060e+01
1.405401143659369190e+01
1.405275367622942007e+01
1.405257532582797175e+01
1.405207888897612634e+01
1.405183754022530707e+01
1.405145237186228435e+01
1.405155143261920792e+01
1.405080024556952090e+01
