1.716721138523683299e-01
9.978005653401654795e-01
9.999304499537106095e-01
9.999014001220932757e-01
9.998668146066482798e-01
9.998785804195275961e-01
9.999377085598831760e-01
9.999517610620615171e-01
9.999615185353343261e-01
9.999425327001383312e-01
9.999608879148267349e-01
9.999708995623157737e-01
9.999691921928445248e-01
9.999639725333981932e-01
9.999660470582348859e-01
9.999521866102417667e-01
9.999540409189873191e-01
9.999526458376195581e-01
9.999778463295894149e-01
9.999848227366707754e-01
