2.176651229459582726e-01
9.993018344996918989e-01
9.998184193814597664e-01
9.997722820607140015e-01
9.998678349523539843e-01
9.998986170626756875e-01
9.998591132484553334e-01
9.999192959304390449e-01
9.999476980123700454e-01
9.999416115707608910e-01
9.999323597205924674e-01
9.999568536357043014e-01
9.999605647407315834e-01
9.999617413160618584e-01
9.999649332384970002e-01
9.999715901077916858e-01
9.999683071795262279e-01
9.999754650712684434e-01
9.999707529934994676e-01
9.999688892280140795e-01
