1.414894925008151283e+01
1.401527907990864996e+01
1.397607049926311262e+01
1.399199434229092098e+01
1.400901523312986363e+01
1.402245726925913338e+01
1.402593466918047227e+01
1.402877521526647087e+01
1.403274142308100636e+01
1.403554469841269992e+01
1.403707619516621641e+01
1.403764470334695780e+01
1.403780743106557161e+01
1.403933684095865964e+01
1.404018119516036833e+01
1.403984129195779040e+01
1.404221638584022180e+01
1.404211765280761703e+01
1.404257143929408613e+01
1.404261604233804306e+01
