7.808737354917429002e+03
3.106340654068781805e+04
4.136525002147696068e+04
3.688295606052534276e+04
3.777095507472340250e+04
3.687474658522559912e+04
3.577058021336617821e+04
3.603254497806380823e+04
3.585948474250714207e+04
3.633801385657025094e+04
3.670373341688648361e+04
3.655732539028502651e+04
3.647655252487619873e+04
3.671611705931361212e+04
3.667977430888451636e+04
3.658327838041853101e+04
3.628896856294954341e+04
3.622958797322507598e+04
3.619044027256356640e+04
3.621264911377535464e+04
