1.343723011047074215e+04
2.870854190618423672e+04
3.308646492857483099e+04
3.682014598431262129e+04
3.828345153134308930e+04
3.677667256196177186e+04
3.639935888476733817e+04
3.684830880459896434e+04
3.656224870563071454e+04
3.642013258777670126e+04
3.647214553534292645e+04
3.780905687994941400e+04
3.871211645287080319e+04
3.857670319357882545e+04
3.869124705841924151e+04
3.840475732025792240e+04
3.826031338499012782e+04
3.812332340468246548e+04
3.812140706448868150e+04
3.802940709037931083e+04
