2.085236114189614222e-03
1.477698360803529273e-02
2.340206351610284174e-01
2.432610607257323920e-01
2.754614167170658101e-01
3.170321162143873162e-01
8.441241772064445037e-02
3.531746223399244711e-01
3.184170293767764059e-01
1.909436955078936959e-01
4.056758221282067978e-01
3.188935163606440581e-01
3.771286253434025237e-01
2.780081097574623739e-01
1.660671770463695851e-01
3.298869033713873189e-01
2.494324623794495210e-01
1.962429987905690287e-01
1.434086608621317760e-01
2.415828554069656131e-01
