1.113456970341070701e+04
2.735128041108427715e+04
3.558668757010076661e+04
3.424731946620610688e+04
3.545969319512099901e+04
3.545752713027188292e+04
3.572591339191545558e+04
3.645999998440119816e+04
3.676172671059751883e+04
3.625372962395606737e+04
3.602833184497520415e+04
3.608314554585525912e+04
3.605499270791297022e+04
3.578180833023730520e+04
3.585512625737340568e+04
3.563945526278139732e+04
3.547714229057948978e+04
3.540587915564481227e+04
3.542302728326954821e+04
3.542935316125514510e+04
