2.255463633361398752e+04
2.230240080980187122e+04
3.450788642700310447e+04
3.475292539787689748e+04
3.402221393163828179e+04
3.385494656842405675e+04
3.514156079012826376e+04
3.532507304646969715e+04
3.597749661359375750e+04
3.586227579819798120e+04
3.530745422493160731e+04
3.730541147728285432e+04
3.689376721232970885e+04
3.680652376441369415e+04
3.687182116627964569e+04
3.662851949404922198e+04
3.647933851452362433e+04
3.677912169571557024e+04
3.668495262005911354e+04
3.651105327120344009e+04
