1.456913274156966254e-01
9.285003642831088921e-01
9.276565585024154625e-01
9.295848886435981173e-01
9.300582053623395185e-01
9.278050841116390890e-01
9.310121863631551919e-01
9.269325308280841336e-01
9.290904206899029960e-01
9.326234423922408201e-01
9.308508984430553523e-01
9.305493838017441233e-01
9.285958961760260033e-01
9.315644340576589855e-01
9.274709145031702073e-01
9.291466388088340800e-01
9.297858758647524757e-01
9.318666989986336135e-01
9.283575338655867260e-01
9.281629347517874606e-01
