1.441395691319039274e-01
9.247484805939706343e-01
9.277267658052704702e-01
9.296370030362843817e-01
9.293021378167368729e-01
9.288478065255626470e-01
9.327564144097628684e-01
9.287762975440267965e-01
9.297113814788047215e-01
9.301661841270006947e-01
9.285701582755422345e-01
9.295235675863307012e-01
9.287565280545592161e-01
9.290126491871835146e-01
9.305382559151299526e-01
9.320229970272727593e-01
9.310229070650670735e-01
9.296264392990970515e-01
9.273277430545291411e-01
9.307945390665837149e-01
