1.373745896353227103e+01
1.403007315147633172e+01
1.403984744013891550e+01
1.405676552232586296e+01
1.404747368592311929e+01
1.404555252166798418e+01
1.404929238106604572e+01
1.405521934110208271e+01
1.404531127141989089e+01
1.404244822550476357e+01
1.404093422021176707e+01
1.405100545806974921e+01
1.405575806187611221e+01
1.405879635108334647e+01
1.406110680729457485e+01
1.405565119467513568e+01
1.405253485983773665e+01
1.405393899806489522e+01
1.405427291685217028e+01
1.405173055801145487e+01
