1.695340527279807219e-01
9.381206707245921539e-01
9.378929758277627649e-01
9.378156642018734557e-01
9.387359069182917848e-01
9.385317302307445431e-01
9.382271793348906375e-01
9.379384809856320393e-01
9.399180469853020137e-01
9.402248766329218688e-01
9.397347064102878900e-01
9.388758780138308779e-01
9.375975049984103249e-01
9.407095362301072239e-01
9.417953035510634452e-01
9.347747717296830405e-01
9.379222619586004006e-01
9.417389866437861912e-01
9.376738766686518733e-01
9.374268903642476447e-01
