1.750565999388415950e-01
9.409974208844303911e-01
9.408293671924468082e-01
9.413907366681404376e-01
9.372753783336510436e-01
9.399756651245836370e-01
9.377302809842184006e-01
9.440349355047583657e-01
9.405274586933148884e-01
9.383817593991437001e-01
9.403283202065954027e-01
9.393360408063811118e-01
9.374858842628566169e-01
9.380959992853558083e-01
9.394446018800111098e-01
9.373975355683242805e-01
9.424442465047874196e-01
9.382053991577664620e-01
9.417345846024675060e-01
9.378407750027812906e-01
