1.492642978494403095e-03
7.773966812858629574e-03
1.621006611149132803e-01
8.866792893859920532e-01
9.925034827710415009e-01
9.960205623687343746e-01
9.977477361958938529e-01
9.983057002585139506e-01
9.986099799153166368e-01
9.987784771591509125e-01
9.989742889266863823e-01
9.991274192360374284e-01
9.992499441614695055e-01
9.992759515693149241e-01
9.993040943966129408e-01
9.993344706221581886e-01
9.993720608646244896e-01
9.994210461961525738e-01
9.994856466074305557e-01
9.994961981000030082e-01
