5.360613683167308336e+05
2.405484762649477925e+06
2.775628572482118849e+06
2.641152132030305453e+06
2.685037758586930111e+06
2.699550911756208166e+06
2.700124372293451335e+06
2.705677760914167855e+06
2.703962597254876513e+06
2.704996604339506943e+06
2.705201658520278055e+06
2.705758679703464266e+06
2.706739487652135547e+06
2.707471517872639000e+06
2.708290569994624238e+06
2.708637938305741642e+06
2.709368022719647735e+06
2.709759009435964283e+06
2.710545506863311864e+06
2.711175850239632186e+06
