1.293062142159721814e+06
1.652964879756025039e+06
2.580712358965640422e+06
2.703598460344979540e+06
2.711689655956008472e+06
2.710454436235343106e+06
2.710253867694412824e+06
2.713542534831078257e+06
2.715020621987616178e+06
2.715004504511841573e+06
2.715587408042835537e+06
2.715102962493588217e+06
2.715434421692184173e+06
2.715387299060739111e+06
2.715403712828713935e+06
2.714957981715769041e+06
2.715370357008884195e+06
2.715569779417166486e+06
2.715322912164243404e+06
2.714967032564478926e+06
