4.893809608768021936e-03
2.763848195047384146e-02
5.157197610043674496e-01
9.792275537279347963e-01
9.957895137178363054e-01
9.977825598464795664e-01
9.981208016764713253e-01
9.984573318634506478e-01
9.987124557094888555e-01
9.989263309256728451e-01
9.990514776794741092e-01
9.992252735075181080e-01
9.993166716607264632e-01
9.993915160299166045e-01
9.994482414317050756e-01
9.995118146180481666e-01
9.995388576952982662e-01
9.995780064273437349e-01
9.996015636981542274e-01
9.996155502327416231e-01
