3.477448604003466012e-04
3.030057166521905269e-03
1.837890381357153158e-02
4.408368126116710695e-01
9.782507728544644898e-01
9.958489843219037185e-01
9.977768616790326783e-01
9.982123602161911968e-01
9.985130639150444631e-01
9.987637754310777494e-01
9.989224020135740734e-01
9.990520567342870972e-01
9.991615885905638095e-01
9.992562071390279632e-01
9.993621566002410805e-01
9.994148655376799972e-01
9.994400720503134883e-01
9.994622246039471802e-01
9.994969714805418404e-01
9.995540224366669113e-01
