1.042729013510391642e-03
1.173493039875366309e-02
3.581674000436073646e-01
9.636996776470735382e-01
9.920594710332336641e-01
9.954571630558077810e-01
9.963647605731534851e-01
9.970961102050144298e-01
9.975115658422420983e-01
9.979341847605254223e-01
9.983431236540769582e-01
9.984772316073471377e-01
9.986134839258550278e-01
9.987524972469499218e-01
9.988532203540648746e-01
9.989023157199444780e-01
9.989464060064385809e-01
9.989979927983378971e-01
9.990938405696692115e-01
9.991987995248996501e-01
