1.790611483321356899e-04
2.157890712623755885e-04
2.093406959420928033e-03
8.100006172475297805e-03
7.305728127257976601e-02
4.260445598097725717e-01
4.753851820227009140e-01
4.766894369337135728e-01
4.852511808304604823e-01
4.889341731599577967e-01
4.851122699487396273e-01
4.880292094039639927e-01
4.881545522766543854e-01
4.826200311553719424e-01
4.932170953601365260e-01
4.827663488689265536e-01
4.838278101857468871e-01
4.877844564634876701e-01
4.842107680137837655e-01
4.822237452450420236e-01
