1.875342322680015415e-04
5.135051313610877353e-04
8.054857936593609862e-04
1.940646907153267299e-03
1.241617915426931375e-02
1.364341352715076894e-01
4.479478330603660075e-01
4.837274876715338401e-01
4.850023745568902145e-01
4.856975360814473341e-01
4.884275869946355098e-01
4.861624300077888039e-01
4.799444836857097441e-01
4.881151193900391538e-01
4.901774605841823784e-01
4.856563169794075319e-01
4.804199878479966657e-01
4.812584135489830217e-01
4.831988563213904242e-01
4.792060689300278176e-01
