1.457019518573249457e+06
2.595663972051363066e+07
2.330375154651805013e+07
5.201030324183538556e+07
2.682621751341407895e+08
4.849256858315915465e+08
5.202630327443050146e+08
5.345959504802970886e+08
5.364914974083902836e+08
5.381063510162302256e+08
5.400975315555396080e+08
5.431515399564884901e+08
5.434051134868102074e+08
5.434880781736220121e+08
5.444309952019397020e+08
5.448157935631916523e+08
5.456596560395481586e+08
5.463707191914076805e+08
5.459182398400294781e+08
5.460039481451600790e+08
