1.731330397280284204e+06
3.359848586378674954e+07
6.461180906916932762e+07
1.904014278471027911e+08
4.226060511499647498e+08
5.287175019413073659e+08
5.348147856504752040e+08
5.397012870565634966e+08
5.404558649256378412e+08
5.428251990869884491e+08
5.441474651869963408e+08
5.443682329508738518e+08
5.446427309312391281e+08
5.448177954120159149e+08
5.454296537817901373e+08
5.465920138142143488e+08
5.464742862743674517e+08
5.467142610122849941e+08
5.468041541366506815e+08
5.467181926532322168e+08
