6.218310688617976556e-04
1.670643653700982969e-03
1.339822260655294502e-03
1.123320881215315002e-02
4.769730047696013608e-03
1.180692244677383207e-01
4.900438091549497166e-01
5.311829490790803687e-01
5.311333882708312304e-01
5.369213629646564234e-01
5.354104576763126788e-01
5.388751314616645471e-01
5.391380813145499884e-01
5.382981170647210822e-01
5.371227107080488450e-01
5.407715162367523476e-01
5.376577201994149346e-01
5.388454511682765347e-01
5.329433400875438487e-01
5.357304189500371461e-01
