1.194165653985766002e-04
1.972997997877874667e-04
5.845889791011717011e-04
3.589117385632886910e-03
9.764962416093208794e-03
1.020844079202444243e-01
4.590789405235120579e-01
5.383288006451629748e-01
5.349829915849009243e-01
5.354623685255529564e-01
5.366460284544136705e-01
5.394097043865717644e-01
5.327018916136416760e-01
5.410727779255845027e-01
5.435854486542602837e-01
5.348886447818848033e-01
5.415301480704516335e-01
5.320901468466802120e-01
5.355456059568022287e-01
5.304134670013088693e-01
