2.107039288629243936e-04
3.726491707902634585e-04
2.008833570030869094e-03
1.462777608769294697e-03
8.966609062406656616e-03
1.488138380596597254e-01
4.979640086206862382e-01
5.387626222376963314e-01
5.318362493657297074e-01
5.411076395223436419e-01
5.433830192611331933e-01
5.397855108787411593e-01
5.332880045160121041e-01
5.397932238139635519e-01
5.332841129744825270e-01
5.400816478758208028e-01
5.381515282797940669e-01
5.384483801367341282e-01
5.369705818424207466e-01
5.376204095242045344e-01
