3.765593273959660751e-04
1.587761750801400414e-04
9.702284996219983498e-04
4.437503387120910066e-04
2.195860588809037985e-03
1.119040156059160568e-03
6.682957462278434069e-02
4.371502138941063542e-01
4.775493144329713280e-01
4.842533860803027168e-01
4.795297883878112954e-01
4.869728644984979149e-01
4.800623428552145411e-01
4.814487192774160595e-01
4.899203157667310071e-01
4.919350306980105891e-01
4.927627200812579322e-01
4.880348100762998409e-01
4.831417855431671682e-01
4.853782652813466991e-01
