3.935031502669448459e-04
3.882633355344061060e-04
7.763440477287372960e-04
4.842758823631886610e-03
1.253738893535044641e-02
1.059006970050506286e-01
4.510189739619307470e-01
5.326648513009711872e-01
5.392312131973572287e-01
5.270714231899668034e-01
5.411884605321390929e-01
5.277333457278370332e-01
5.466292925683930992e-01
5.382573470640292790e-01
5.415444943615810303e-01
5.337734489036810581e-01
5.443967349112588394e-01
5.401028591352354802e-01
5.377382301854922719e-01
5.441841775051774466e-01
