1.322906139308554888e+09
1.269245812287201919e+07
1.062421426942305261e+05
3.637633746292039723e+04
2.389431407235428196e+04
1.748020722331326760e+04
1.400250295811053911e+04
8.897074916127867255e+03
5.868976883717569763e+03
4.830615099519356590e+03
4.195060562600223420e+03
3.991578612690192131e+03
3.556659066497053118e+03
3.203040760320958270e+03
3.230756372907628702e+03
3.247226831659830623e+03
3.226835994500642300e+03
3.061521394381849859e+03
2.502755499205930391e+03
2.310931798291465384e+03
