8.196828219628056250e+13
3.357855695513621094e+12
1.607242815223753662e+11
7.887593925096907616e+09
9.052600931778393984e+08
4.219960559151721001e+08
2.612418627090665698e+08
1.803314413571628928e+08
1.299363403609204143e+08
1.030533688300689906e+08
8.810137100876037776e+07
7.316267288128177822e+07
6.190547794670353830e+07
5.554308563739067316e+07
5.003208751679001004e+07
4.446030191466736048e+07
3.892342357100784779e+07
3.429709954665651172e+07
3.070907222517311200e+07
2.765861453500132263e+07
