3.181522927413494492e+10
1.683538485157465935e+09
1.009787711506823975e+12
8.068366024419887695e+12
3.160209307880751343e+11
4.956287272140005000e+14
3.440239026488661719e+13
5.816745408138157000e+15
4.093086680449613125e+14
8.200033837878475000e+15
1.589150227681859000e+16
6.264561292162114000e+15
4.261359501929056000e+16
2.442884915936300400e+16
4.224821461693708800e+16
3.216605724619493200e+16
3.683916641416254400e+16
3.812784924978332000e+16
3.889274453262047200e+16
3.937601969330789600e+16
