2.197664442604872943e-04
1.004873232460786825e-04
2.109404682581679817e-04
1.838523538638358310e-04
3.641287182673838508e-04
3.745925153857570015e-04
1.041917086227141698e-04
1.665798126833066149e-04
1.140530497802726237e-04
3.276318362041101269e-04
2.722758366077610861e-04
2.186413587874391534e-04
1.039932831960692074e-04
1.129929997575360536e-04
2.122747970558054522e-04
6.333457798753351024e-04
5.118276597218286705e-03
8.394681160444150345e-03
7.280596996987268033e-02
3.423940605664817505e-01
