1.430791362954428467e+12
3.092207714745082378e+09
8.231248458113182068e+09
7.225905121798131104e+11
5.603507641327704620e+10
9.633185711611617188e+12
2.275741165824895508e+12
7.885814997789901562e+13
4.228879667577821777e+12
8.917504300889988750e+14
7.138474293899489062e+13
4.293228825439880500e+15
1.518761832578364250e+15
5.517144404196035000e+15
2.066115691357012000e+16
1.497151390112156800e+16
3.011189860071536000e+16
1.274412053838505200e+16
2.658975744368251600e+16
2.360741674192231600e+16
