1.524993904182625732e+12
3.775262240659051418e+09
6.833702336049676758e+12
1.199611592839048195e+10
2.809657065943111328e+13
3.654380301030598145e+11
9.721720999605308594e+12
2.589703135434695703e+13
4.954028431987075195e+12
1.783667354604936562e+14
1.154565810739654219e+14
9.184019317180840625e+13
8.401420171801672500e+14
1.008816713852685781e+14
1.762805281873255500e+15
1.679671703370019062e+14
4.040223293810361000e+15
1.343299947818404320e+17
2.881695897559299500e+15
2.968340764018828400e+16
