1.000146601541064372e-04
1.000011569027893114e-04
1.039548402778967706e-04
3.445132735774558415e-04
3.897559849189074837e-04
1.016114183250342671e-04
2.220077359930051517e-04
1.623107505308202009e-04
1.876791641314393458e-04
8.187254351233826024e-04
7.290508140052091249e-04
3.042519339481368837e-04
2.169222731881870322e-04
5.266708023942983817e-04
3.181001613473934879e-04
1.002399866898996255e-04
4.591878687633729338e-04
1.103117166148578622e-04
2.104870232280820885e-03
1.780625164623069606e-03
