2.623967116368860022e-04
1.100715765038654762e-04
2.360941229008783101e-04
1.516177052292390424e-04
6.113018515242014863e-04
1.162571848801628775e-04
1.148486588779548765e-03
3.437207061166674656e-04
7.001698430644572729e-04
1.085273665263918107e-04
3.178268436153959672e-04
1.185859174812395941e-03
1.135798048608783350e-04
6.020226702295229399e-04
1.261899151248935009e-04
2.552286962975570776e-04
3.842405122856247220e-04
1.533671770544605404e-04
1.027979370270943075e-03
3.479964360855967824e-03
