4.042509975390380129e-04
1.143127945786963904e-04
1.002866838620888597e-04
1.000114385975814867e-04
2.132051576018677568e-04
1.000298996029813013e-04
4.331216168041807720e-04
1.030834808410697085e-04
3.404752960448535304e-04
2.297713402898040182e-04
7.939043314337990327e-04
6.212081521725477213e-04
1.731085904562563137e-04
2.212073227448650519e-04
7.093019817881063976e-04
4.394616387976901318e-04
3.527478108901259770e-04
1.708349043524756618e-04
8.196337519951351659e-04
2.801553830777128978e-03
