1.032808607169869689e-04
1.000000004886770154e-04
2.297174654643941566e-04
2.047562778152500827e-04
4.424514376906353726e-04
2.289179643333036980e-04
5.656490677503464484e-04
1.131169099994951566e-03
3.478495304391376647e-04
2.239823625515535417e-04
5.456468978828686416e-04
4.066968805216359751e-04
1.248927905796662656e-03
2.488635302258781698e-04
2.489990651157821433e-04
7.015307608355689315e-04
2.551912064697712396e-03
1.235650930430016829e-02
6.438223612618297620e-02
2.887858946021586992e-01
