2.311282777856202037e-04
1.014259162072985316e-04
1.902418112805028894e-03
1.033744718627840789e-04
2.423373638930968830e-04
2.247955344658678219e-04
2.915032299961950262e-04
8.462839864565911913e-04
1.052117839347171393e-03
3.518978446548544099e-04
2.329783997627441253e-04
5.541082648841643733e-03
6.337898078598954614e-04
6.155414588521142304e-04
7.242673328511366367e-04
7.290762859858577680e-03
7.883912258577406573e-02
3.469086203430816195e-01
4.516988799555793355e-01
4.734132265372335557e-01
