3.012904226003514248e-04
2.113461483271529204e-04
1.019491872633870438e-04
1.000000000226371839e-04
1.214806292467764522e-04
2.050015320168294738e-04
3.924034788169546628e-04
5.536253774728010354e-04
7.438524156650736831e-04
1.094698367662376985e-04
1.531078721768759242e-04
5.633792161908664524e-04
8.783785463778722791e-04
6.620959703713809276e-04
3.952528800048757352e-04
7.165716491560675770e-03
4.053017171651470719e-03
2.461592161736636183e-02
1.379326570971875221e-01
4.007283872389574841e-01
