3.320323791858963980e-01
8.096377620596185640e-03
3.254311073375415735e-03
2.081556446333832338e-03
1.561956140752971322e-03
1.282801484116629243e-03
9.172684878192935865e-04
7.662486722129286309e-04
6.927300955286434976e-04
5.994780227506692639e-04
5.408540449514900221e-04
4.852637060023578044e-04
5.003484938098651377e-04
4.758695290370389694e-04
4.450402340990015308e-04
3.909307520130886273e-04
3.246781363021228653e-04
3.170824806473039647e-04
3.235419909290228628e-04
2.878820805187639578e-04
