1.960374470347015262e+08
5.827137659938466735e+06
3.009944260840425268e+07
2.284798078911532760e+08
8.742814512394852638e+08
1.723981861342531919e+09
4.487854495700597763e+09
4.546678316456372261e+09
4.541872831829807281e+09
4.641396626052626610e+09
4.631869957412572861e+09
4.659198397441182137e+09
4.671789015686461449e+09
4.679510117117976189e+09
4.693729375339177132e+09
4.697455154357434273e+09
4.700161814925505638e+09
4.706611915675993919e+09
4.714387685560146332e+09
4.714093350333207130e+09
