1.363339323844583182e-03
5.650311444001202433e-04
4.750356274270928734e-03
3.119998123959423584e-03
2.929572211038078368e-04
2.140757920234210524e-03
2.069294370750589598e-02
1.222118276439613099e-01
4.173502937954451375e-01
7.090836467867696058e-01
7.829046792631616514e-01
8.105414181704237997e-01
8.261192174922251663e-01
8.448358901925965281e-01
8.415362693846427655e-01
8.303361976260645871e-01
8.048697238460148506e-01
8.258393086864970201e-01
7.952852864529876831e-01
8.312349682934214723e-01
