2.185983496807808717e-03
3.293355011898884636e-04
1.822988840469014693e-03
2.644532559392349718e-04
1.539957095911413144e-03
2.229676682609201249e-03
3.253525250318222047e-03
2.640847766780938209e-03
3.670400334466858167e-03
1.666696201807956190e-01
3.283002139120022034e-01
2.582241061976395802e-01
7.926341948685609040e-01
7.813620298597585556e-01
7.366388785041942944e-01
8.137751484870270335e-01
8.289814865863421867e-01
8.041139794963236831e-01
7.972173934719753996e-01
8.246623858161629128e-01
