7.613682623614811788e-04
8.131277620613933414e-04
1.062620181060277110e-04
1.005211097343949736e-04
1.110126617467195554e-04
1.257146719269949429e-04
4.189011128270491748e-03
8.875062226754764022e-04
2.843967640259840459e-04
5.926767785983224138e-04
2.600879883695718874e-04
3.089088421994533426e-04
1.853804632782929916e-03
4.978508218190105285e-03
7.040385452636221605e-03
3.175706338243897836e-02
1.165891732804215791e-01
4.211870552640561427e-01
5.172730295427102609e-01
5.262537291179802956e-01
