3.024084316398724945e-04
1.854618955711831224e-04
1.014326740362905143e-04
1.877553567613984527e-04
4.687441702253139302e-04
2.873852623120728609e-04
1.464976175125946292e-03
2.771308724872236884e-04
1.203448780538914482e-04
5.204637281160667686e-04
2.248933187160142362e-04
1.038380070635184485e-04
1.105195778198106790e-04
8.307058169013107523e-04
9.281481476757820351e-04
5.102504616821278149e-02
2.093740084021583903e-01
4.223623867749716210e-01
4.653380460260908014e-01
4.766289936848195352e-01
