3.210488326216981125e+10
8.572846590659981966e+08
8.231021201935355469e+12
6.999896035882434082e+10
6.043844053577494141e+12
8.089479777209020312e+13
1.084444211774253052e+12
5.406711770004674375e+14
5.290947565090399375e+14
4.097105667705712500e+14
3.988574185112148500e+15
6.370401588405706250e+14
7.508806856104052000e+15
2.986300738054149600e+16
3.508490680790553500e+15
3.411126954532050800e+16
3.199577509357491600e+16
3.650038893693488000e+16
3.776317310637789600e+16
3.855315333141373600e+16
