5.840518727495496408e-04
2.316789489028473837e-04
6.723361067991861888e-04
1.556664224361448991e-04
2.839314656560821670e-03
1.312904812882513192e-03
2.444037307782636649e-04
4.067197425133191064e-04
2.794798500444952653e-03
1.357139111745676884e-04
3.385435855380214583e-04
6.863642551065583450e-04
2.246497547565123312e-04
3.460038332659961559e-03
2.400189353182751600e-04
3.717634787879153455e-04
2.167520086983957509e-04
4.348380943897242807e-04
3.095860289043371027e-03
8.171936489864740222e-03
