1.132261812568583674e-03
5.307659132428729082e-02
7.731632747979686471e-01
8.111108011385858019e-01
8.159849761663654499e-01
8.176876233708839647e-01
8.147127756855989666e-01
8.162077698817611360e-01
8.135602868861265824e-01
8.145376767524086237e-01
8.161034773643901508e-01
8.139607226789622452e-01
8.140994494106253976e-01
8.158320341970247691e-01
8.143546812136163160e-01
8.143274427830499151e-01
8.146522464694186949e-01
8.150848812363303830e-01
8.104647111565709272e-01
8.142290831363270254e-01
