2.780185553007320939e-04
6.450220683039095335e-03
3.018671189322343906e-01
8.132889529284490493e-01
8.193189013004350540e-01
8.141460143144619854e-01
8.176984228184785986e-01
8.198391799508086830e-01
8.165798085675428641e-01
8.143683650914601557e-01
8.214490445428009879e-01
8.157123142496732759e-01
8.123437905560175754e-01
8.123812356774001708e-01
8.238189390770945808e-01
8.166367225904974658e-01
8.177090620774843943e-01
8.161821127045869595e-01
8.179018487841442919e-01
8.137462241036982347e-01
