2.054707868211627283e+04
2.846779386380439246e+04
3.091586773320441353e+04
3.106185591719520744e+04
3.099885969921066135e+04
3.099181656698640654e+04
3.098911960945808460e+04
3.098655762295066233e+04
3.095322807301781359e+04
3.092311941578156620e+04
3.090506341146287741e+04
3.093486528164612173e+04
3.094095854905209853e+04
3.092775813959636071e+04
3.094418005436943713e+04
3.095741661865710194e+04
3.096803200828366971e+04
3.097674293996469351e+04
3.097555775536876899e+04
3.096408840494273318e+04
