4.906924343509700510e-04
4.542269914005440598e-03
5.459016361448831844e-01
8.128677549378010569e-01
8.106129834829698400e-01
8.151137850795771023e-01
8.133041380041242663e-01
8.138720875852177850e-01
8.193365636036530342e-01
8.141924288086963557e-01
8.173291810438101379e-01
8.120992672900529952e-01
8.133042481107186639e-01
8.174900805985040320e-01
8.164004452676342227e-01
8.138696372353625419e-01
8.094825457523232570e-01
8.128625703527100343e-01
8.154896362835909462e-01
8.101083854933293082e-01
