3.058427215392308062e+04
2.817679823441634653e+04
3.103076993268138540e+04
3.127224802122628171e+04
3.103118101336238396e+04
3.101252660356710476e+04
3.098640167300098983e+04
3.097751529823455712e+04
3.098863556512678042e+04
3.097421576620014821e+04
3.099262011332245311e+04
3.097282772937331538e+04
3.096663036868456402e+04
3.096571456553837925e+04
3.097320590194429315e+04
3.096618740397124930e+04
3.095814846530862269e+04
3.095265232050043778e+04
3.095292353248785003e+04
3.094020490252839954e+04
