9.307448743758475014e-04
2.350949397320420062e-02
7.077040306374441370e-01
8.141934178206718942e-01
8.154022592829249794e-01
8.173444746431639540e-01
8.170526877616028916e-01
8.138040023994184136e-01
8.204550848992230305e-01
8.201711261802496766e-01
8.188715606981160633e-01
8.138792940625945160e-01
8.140925380984546100e-01
8.181108931268543660e-01
8.173600966782751387e-01
8.179488532802813294e-01
8.193392496873581621e-01
8.193633630522527689e-01
8.175345075656765825e-01
8.165562517689249900e-01
