3.418076742391474545e+04
2.817258275247313941e+04
3.106964993971207878e+04
3.106550348446103817e+04
3.095420160339972063e+04
3.092051468168589054e+04
3.092933699588395393e+04
3.094712767769385027e+04
3.096940227263408815e+04
3.099015579168601107e+04
3.097362345808485043e+04
3.097719006786411046e+04
3.098895443348796471e+04
3.098176068346946704e+04
3.097969942848227220e+04
3.096523886867527835e+04
3.097186893734790647e+04
3.096827585818047010e+04
3.096877100881141450e+04
3.095528494780919937e+04
