1.075818145069682916e-03
7.585680435650908604e-02
7.836401355368662891e-01
8.514193142920652990e-01
8.539684174622340640e-01
8.546272629014464162e-01
8.568515540803542940e-01
8.553934608256003047e-01
8.571124888046488532e-01
8.542975914192719733e-01
8.559499507074109781e-01
8.517037048340966310e-01
8.545204057415687338e-01
8.527456806105145892e-01
8.526693732398286096e-01
8.563022445189201193e-01
8.542200272475422018e-01
8.544906550526730760e-01
8.491202671085894549e-01
8.546876498319405657e-01
