2.517712485537726752e+04
3.870722893970899895e+04
3.673079029266718135e+04
3.727038250631206756e+04
3.751698757073182787e+04
3.756916853774819174e+04
3.759765472745089937e+04
3.763080279791460634e+04
3.762105928995623981e+04
3.759872256423345971e+04
3.760811373007882503e+04
3.760461420958657982e+04
3.759681793378026487e+04
3.762443662459636835e+04
3.760943320599599974e+04
3.760027428631807561e+04
3.760709761119843461e+04
3.762044090610973217e+04
3.762413070583263470e+04
3.762913167388093279e+04
