1.707081094611146918e-02
8.814238616139849491e-03
2.032568280951297657e-01
9.028716021999546593e-01
9.424038097269462622e-01
9.299343289724019135e-01
9.482060160219795142e-01
9.491300658031207593e-01
9.407763092029632901e-01
9.519807836217919483e-01
9.469490392534326562e-01
9.500125353654925719e-01
9.479018435430102141e-01
9.382285034566252291e-01
9.414512471853543341e-01
9.452460758935083973e-01
9.458183077026762753e-01
9.488692044539712711e-01
9.487355246319970625e-01
9.539069377739958222e-01
