1.190211627860288980e-02
6.385808793161307229e-02
5.254455039808456629e-01
9.211486556508162726e-01
9.455245340362801176e-01
9.473259280745790489e-01
9.470210541862279507e-01
9.378397375608367170e-01
9.491758819472587705e-01
8.288741012723078727e-01
9.387877415741761045e-01
9.496546409796532418e-01
9.418575242475816234e-01
9.436489308919834285e-01
9.471396691380195021e-01
9.382375700600904533e-01
9.478504605297987107e-01
9.456590654456440426e-01
9.501149836957573092e-01
9.399843047211842162e-01
