9.489286276157029090e-03
3.890460195228022649e-03
1.446880716794163579e-01
7.481824997696030488e-01
8.158038578754580605e-01
8.756224450378536917e-01
9.042340260380065109e-01
8.779104315905397193e-01
8.771712340994005652e-01
8.857105137697157682e-01
8.676790955536753946e-01
8.388648589663555422e-01
8.807844033247395066e-01
8.883644151785483611e-01
9.026890519645234257e-01
8.402934724144596190e-01
8.884236828058817981e-01
8.828697238597671415e-01
5.913744541778457320e-01
8.859634403758402943e-01
