2.546716491769465619e-04
1.524321608412943299e-02
4.794240722590619175e-01
8.687908914633067914e-01
8.759415997027610867e-01
8.215067965560103325e-01
8.856259568271569460e-01
8.977503141727504188e-01
8.530581163595980509e-01
8.683733400876550990e-01
8.795140249042880942e-01
8.656342400202824416e-01
8.780522991269987809e-01
8.860627424899886195e-01
8.718899609038007759e-01
8.838738078091586958e-01
8.576399371831255891e-01
8.825791703621972406e-01
8.886879897856768684e-01
8.757545534550204014e-01
