1.506824576773191848e-03
1.105536793923850552e-03
1.852081109564935879e-01
8.341073588364661395e-01
8.810051615759425525e-01
8.855413202135381523e-01
8.709167920171231314e-01
6.429913888193314886e-01
8.680596188398680413e-01
8.763081050653452886e-01
8.510912593580817198e-01
8.853182953817817502e-01
8.901843618123931323e-01
8.520902485063798215e-01
8.818042175829423623e-01
8.729558380104254223e-01
8.689625438686430225e-01
8.934729018774165699e-01
8.150023565379362900e-01
8.865552891326435869e-01
