8.713206519715133158e-04
1.288347848172555904e-02
3.341332401309205502e-01
8.689676871657179280e-01
8.611123716914541593e-01
8.767564027401500981e-01
8.737532979510199693e-01
8.878129860870602741e-01
8.696610849477349747e-01
8.695897076521733604e-01
8.709675238252726492e-01
8.771267109221621006e-01
8.780703773281173241e-01
8.800253409317168041e-01
8.438274341928467814e-01
8.213381990451755765e-01
8.521987969982474098e-01
8.806879310784607728e-01
7.133798953189096625e-01
8.941149438719967479e-01
