2.118719388026497029e-03
5.131014214884895182e-03
3.941753346123500479e-01
8.582013843234627126e-01
8.418982096289615580e-01
8.660902855267479383e-01
8.924397685008306214e-01
8.773977822531815463e-01
8.762936548899797895e-01
8.931330868541458301e-01
8.684433438797186655e-01
8.601804487942577016e-01
8.809490236921602158e-01
8.664575454454145342e-01
7.802441677543534571e-01
8.207904740345046690e-01
8.965990437534528956e-01
8.809192279777194878e-01
8.497260950162585091e-01
8.297040408258116173e-01
