2.210834527042635455e+04
3.086893440907830518e+04
3.718932044771891378e+04
3.733776767582121101e+04
3.740502758699744300e+04
3.753252916677916073e+04
3.755756602040921280e+04
3.756301325195634126e+04
3.759016321417603467e+04
3.762027622724187677e+04
3.762642270079735317e+04
3.762925829926339793e+04
3.762988974604594114e+04
3.762137208857975202e+04
3.763075323267145723e+04
3.764493744683382829e+04
3.765799762532921886e+04
3.766223133862988470e+04
3.766771476481685386e+04
3.765754667983572290e+04
