2.162098215242539883e+09
9.372116930669294357e+09
1.533682336408783203e+12
5.628750017103930473e+09
8.460448345851302147e+08
1.788600622457474470e+08
1.710420295489234105e+07
4.061388080827274360e+06
1.928557059867897304e+06
1.144146088154123630e+06
7.749972261957591400e+05
5.620061389931660378e+05
4.373650597150503309e+05
3.641331454501249245e+05
3.048412533243632060e+05
2.639590420296233497e+05
2.299636826016124105e+05
2.088272960999862989e+05
1.817493572996444127e+05
1.680965142987953150e+05
