1.060146902576890170e+04
3.029406003589784450e+04
3.078984615446591852e+04
3.092966378708112097e+04
3.089269385819126182e+04
3.090190154621276088e+04
3.092767553379018500e+04
3.094472869043139872e+04
3.095732355587369602e+04
3.096245521939216997e+04
3.095273411543761904e+04
3.095311009550171366e+04
3.095963354453930879e+04
3.095446022718266613e+04
3.094919848951057429e+04
3.095069534134761852e+04
3.095330078573765059e+04
3.096232080111872347e+04
3.097276399252262490e+04
3.096917789270783760e+04
