1.614563166974302940e-03
3.428651376240942489e-02
8.277380932942076663e-01
9.229576051625058009e-01
9.253539121148272040e-01
9.264855889439650438e-01
9.271651000146118315e-01
9.268520376142435069e-01
9.280934989342437547e-01
9.279873167794147060e-01
9.277850586131520805e-01
9.270229136330008224e-01
9.268368433038307597e-01
9.260286336290605158e-01
9.271019691628631376e-01
9.272626289772397667e-01
9.268529357961328152e-01
9.289537497174966685e-01
9.289334645299935911e-01
9.260089789530701054e-01
