4.257193649125747882e-04
1.088518821564823458e-03
2.366644949162751421e-01
9.140644832537552222e-01
9.255338100736404394e-01
9.253643947276951609e-01
9.256462181186855265e-01
9.259842715342642139e-01
9.258497626326245289e-01
9.288083675452228904e-01
9.284733062998965503e-01
9.272638648293139996e-01
9.271163343291224379e-01
9.274359816183369576e-01
9.241342689183155157e-01
9.273411987094738462e-01
9.260332927654270074e-01
9.257411199808941449e-01
9.259818150473949627e-01
9.272140510963919890e-01
