3.652498581440773899e-04
1.293160661266365419e-02
7.703273260111732634e-01
9.245887317180983000e-01
9.255591781524872275e-01
9.271779797606752860e-01
9.285718276875492005e-01
9.253019260222974385e-01
9.239408823592281106e-01
9.242738664908977109e-01
9.272773048110044547e-01
9.263509061292676261e-01
9.291006707730911085e-01
9.288161708442874698e-01
9.273575338495930742e-01
9.268677520392435421e-01
9.284098112769263444e-01
9.257155710558608863e-01
9.250820715259088223e-01
9.251415377495783021e-01
