3.553303215435587481e+04
2.799070722247769299e+04
3.066778595481162847e+04
3.069579582404691610e+04
3.074227572969914763e+04
3.079902140647804117e+04
3.081338147354535977e+04
3.087747539331992812e+04
3.090296374322500924e+04
3.091158438012211263e+04
3.092852281321381088e+04
3.093282738279409386e+04
3.094931527291658858e+04
3.094561495897807981e+04
3.094695701229707629e+04
3.094317513476762178e+04
3.094132220740553385e+04
3.093637186672993266e+04
3.093484312572419367e+04
3.094345436451071873e+04
