1.134505452786199221e-03
7.053609669725340037e-02
7.577296924635177344e-01
9.446218177999324839e-01
9.468468273900700893e-01
9.467616594868788482e-01
9.481306934792897989e-01
9.493951560140025947e-01
9.469715116628637519e-01
9.478859513435389239e-01
9.495357589242227059e-01
9.484137904726931412e-01
9.492500214465339203e-01
9.471118599689487549e-01
9.482566754809733656e-01
9.480259771324076601e-01
9.481145836383277903e-01
9.489741026133908797e-01
9.466573686739224724e-01
9.504329696803567318e-01
