4.981694692010246251e-04
7.645284673414105316e-03
5.734824742720927571e-01
9.207262171521490846e-01
9.249017633573438646e-01
9.242900936131748235e-01
9.265706464073198978e-01
9.275285336691588833e-01
9.253812861237671328e-01
9.261152117783667537e-01
9.281929520618676932e-01
9.268781537100237999e-01
9.283146525105705482e-01
9.255979270201011300e-01
9.269510719061436754e-01
9.261614405483555856e-01
9.258119330233068878e-01
9.275934040694882032e-01
9.251920581872365990e-01
9.296213123001658696e-01
