8.168916606224403600e-04
5.991268667339581105e-02
8.735304349832211379e-01
9.240542785400343018e-01
9.272353650769843414e-01
9.258202285027286038e-01
9.260693720220928293e-01
9.303579669809051156e-01
9.285594089703788079e-01
9.267772534236276005e-01
9.256235091992325303e-01
9.267510469730120271e-01
9.288431351953665427e-01
9.271717947603410614e-01
9.269020770224745132e-01
9.247084062293734474e-01
9.285080714034835703e-01
9.282441745162923752e-01
9.288545500288577506e-01
9.283062763295387709e-01
