2.866013107165945976e-03
1.663024517497007082e-01
8.621298724867835217e-01
9.455987185843056642e-01
9.486393185733412725e-01
9.507810246521362085e-01
9.478811897697746458e-01
9.483364224947720134e-01
9.486143401112558937e-01
9.469485095706232647e-01
9.482571713926886137e-01
9.487355688730919612e-01
9.491799680302936970e-01
9.488566005618828125e-01
9.501439842789135559e-01
9.490863742315832630e-01
9.515742514736972302e-01
9.472851137966425972e-01
9.491241008241655397e-01
9.474135960233760478e-01
