2.398446644983010265e+04
2.984153061751722635e+04
3.074949550091195852e+04
3.087336577198756277e+04
3.089423545131228821e+04
3.089617513623301056e+04
3.084610899994390275e+04
3.089755630754018421e+04
3.090769824660505037e+04
3.090522834598853660e+04
3.090031356033207703e+04
3.092324362953391392e+04
3.093185083277880767e+04
3.093951395394108476e+04
3.094144353210965346e+04
3.094694738657286143e+04
3.093894154575424182e+04
3.094117688509933578e+04
3.094837138635051087e+04
3.095102548285454395e+04
