1.000000000000000000e+00
5.500000000000000000e+00
3.700000000000000178e+00
1.899999999999999911e+00
9.099999999999999645e+00
1.000000000000000000e+00
2.348139337846999020e+00
2.317990066907538171e+00
2.274220057017797281e+00
2.087283148101130248e+00
2.004049368466285230e+00
1.923322975246643196e+00
1.881795917754612413e+00
1.872111345216065148e+00
1.869741690980773585e+00
1.864836069869881596e+00
1.869144850659745227e+00
1.867425443372796590e+00
1.868913118099142290e+00
1.868131221763770444e+00
