1.000000000000000000e+00
7.300000000000000711e+00
3.700000000000000178e+00
1.899999999999999911e+00
5.500000000000000000e+00
1.000000000000000000e+00
2.340444181405762158e+00
2.309016447286134532e+00
2.271367260261283327e+00
2.113654411984741799e+00
2.029807901362813638e+00
1.939154993412748551e+00
1.882730672484012491e+00
1.873193088998866163e+00
1.867672571368536927e+00
1.871191966021445552e+00
1.871882393963255842e+00
1.870313628741453904e+00
1.874324739453466560e+00
1.867343311768904002e+00
