6.202201057355473737e-03
9.526804983314800940e-03
7.773100584953292203e-02
8.991468490122080937e-01
3.790326013045612896e-01
8.400038095975442820e-01
1.083925444978748182e-01
9.793562532863063774e-01
9.809064500924146168e-01
9.860314912905627782e-01
9.986308517094197867e-01
9.975962550814334584e-01
9.964675166357892522e-01
9.959455389554090488e-01
9.957765637908093659e-01
9.960323424369115219e-01
9.960088156213545707e-01
9.961452538463018147e-01
9.961235132931577363e-01
9.963817740955330793e-01
