1.074121445145373400e-03
1.279899954047068918e-02
8.608574527393320075e-02
9.344416947677639529e-01
6.302525896857809062e-01
8.368216768046070619e-01
9.528156345330437427e-01
1.168478560713759884e-01
9.547620036325566995e-01
9.958222648203196581e-01
9.976329621604649311e-01
9.983958313795637807e-01
9.985349895523439878e-01
9.981836754414983304e-01
9.977934934446570647e-01
9.975315370345377852e-01
9.975217003766841950e-01
9.974187134128564836e-01
9.974525954615205414e-01
9.974594107618992567e-01
