9.848352966075229250e-04
2.553303863376236212e-03
1.306062040115644196e-01
9.513724659848118437e-01
2.873832909409705927e-01
8.405595395267605463e-01
7.282701006147040967e-02
9.792936005310625136e-01
9.863998259781918687e-01
9.871194955673374682e-01
9.983761710662409916e-01
9.982290475588637690e-01
9.967823381329242727e-01
9.965325700716634039e-01
9.963648778139715390e-01
9.963788482632083277e-01
9.963499935982843558e-01
9.967275556932465586e-01
9.965960534746002297e-01
9.967593744992259142e-01
