7.913476266568410210e+03
3.129432635695586214e+04
3.825616516886495083e+04
3.769870640112205729e+04
3.758425979450692103e+04
3.758818787202244130e+04
3.759983674874494318e+04
3.763162610940263403e+04
3.761360467416854954e+04
3.761869576451692410e+04
3.761302352409294690e+04
3.761048859834634641e+04
3.761291879710979265e+04
3.761479933590123255e+04
3.761542294508453051e+04
3.762080672409647377e+04
3.762039307498536073e+04
3.761659318110595632e+04
3.761265595208995364e+04
3.760837014277440903e+04
