5.814984758850683284e+04
3.345303274393796164e+04
3.379678377734783135e+04
3.732074413829273544e+04
3.735258876193225296e+04
3.746651792980543541e+04
3.751253400243861688e+04
3.752636389629100449e+04
3.753486366848115722e+04
3.753123718159815326e+04
3.755074389749676629e+04
3.757717750458340015e+04
3.758137808889884036e+04
3.758849268343950098e+04
3.759291162642440031e+04
3.759198005548790388e+04
3.759836038055494282e+04
3.759982570037150435e+04
3.760525996693213528e+04
3.761139366820728901e+04
