1.000000000000000000e+00
5.500000000000000000e+00
3.700000000000000178e+00
7.300000000000000711e+00
1.899999999999999911e+00
1.084635399521178378e+00
2.268292426380789539e+00
2.240902258556935145e+00
2.216504618154328199e+00
2.196322704461836306e+00
2.162915934154878261e+00
2.386720234105957239e+00
1.818437679415081831e+00
1.838610683764738463e+00
1.839172700782321312e+00
9.477713939959302891e+00
1.823183469894118724e+00
1.839914333406984737e+00
1.841752539061960015e+00
1.842961039628799202e+00
