9.279224924264308297e-03
5.189373719077673419e-01
5.655421162876002050e-01
5.690653039489662612e-01
5.712646362748640128e-01
5.706993458947341447e-01
5.656851660388727554e-01
5.728407213736723680e-01
5.680041580570899251e-01
5.725062405656989872e-01
5.690801416460576911e-01
5.710224103873807744e-01
5.666031764012643412e-01
5.752527275231312798e-01
5.682305619705532163e-01
5.705157685905586362e-01
5.736991587853870200e-01
5.681205820166993492e-01
5.678774473917899135e-01
5.718900733020693128e-01
