9.268083234317114200e-03
5.448215149794912726e-01
5.677220821872541734e-01
5.652770112721109408e-01
5.691377407551573286e-01
5.617284484884365048e-01
5.696104474644462234e-01
5.656973145935734193e-01
5.780354755658700938e-01
5.714475834197337845e-01
5.671573865969530281e-01
5.642790217744564352e-01
5.689557983666855279e-01
5.678264867325468757e-01
5.699045352125980957e-01
5.658877014034568997e-01
5.786470466069473240e-01
5.750984653856359152e-01
5.664014322643409205e-01
5.649896453400344853e-01
