1.899884052887722987e+02
1.901637183378936982e+02
1.893408943174691217e+02
1.904078975640069018e+02
1.905410435682923662e+02
1.908655697286193913e+02
1.906045989851598392e+02
1.908785059834010269e+02
1.908187921800889058e+02
1.907995852781963606e+02
1.907952807362880208e+02
1.906190401614962013e+02
1.903688204646937834e+02
1.904482055783487340e+02
1.903030484631339903e+02
1.902632494165761727e+02
1.900280030037986023e+02
1.900376458380647477e+02
1.901795279814593016e+02
1.901450321835318107e+02
