1.544830650852940801e-02
6.115666499610223905e-01
6.372101622742373239e-01
6.427729691303546433e-01
6.410318770061145255e-01
6.403837156938433361e-01
6.431691107480840275e-01
6.434064398810402929e-01
6.455711144015688907e-01
6.469103559653706093e-01
6.425026801531293907e-01
6.480007545311893269e-01
6.408363945929970162e-01
6.414009784312785234e-01
6.465258675702865165e-01
6.438131506480974098e-01
6.428497892244163792e-01
6.407317491177678681e-01
6.489503220345196333e-01
6.430822841098795539e-01
