9.217756546090397421e-03
5.025730474834783079e-01
5.646781594945442517e-01
5.660255511591871791e-01
5.702379115737572501e-01
5.764092566564846809e-01
5.653841703089950155e-01
5.669992082271962941e-01
5.701974859576880439e-01
5.721089431161032746e-01
5.668259067922919447e-01
5.662075915122173342e-01
5.676591699746880160e-01
5.676119012066668246e-01
5.702355755707128049e-01
5.712706114133406787e-01
5.712207200183133660e-01
5.701591238708437759e-01
5.655219986873474269e-01
5.697270722770271245e-01
