1.415666710533606079e+02
1.897547998666643423e+02
1.890759692490930490e+02
1.889151567571512658e+02
1.890131700398933390e+02
1.888128755758372677e+02
1.884373694433904518e+02
1.883678661116921376e+02
1.886396854983759113e+02
1.888964022813867416e+02
1.891753374099400560e+02
1.891624512691679740e+02
1.892972381393468027e+02
1.893837992153300718e+02
1.896927147845724448e+02
1.896616787213136206e+02
1.895967260582548022e+02
1.894459479774180863e+02
1.893962615180679450e+02
1.893844119189176070e+02
