7.371121149383711815e+07
2.213923097471238375e+08
1.007400986129851639e+07
1.061838492236920953e+09
2.470326223872898579e+09
3.843455642260442257e+09
4.536001829645720482e+09
4.587151902563172340e+09
4.644372186558682442e+09
4.676264225468399048e+09
4.699995250774016380e+09
4.708816288694834709e+09
4.715532755067821503e+09
4.720546352664243698e+09
4.726083595702207565e+09
4.731398587745852470e+09
4.736163415039189339e+09
4.737606079983002663e+09
4.741134154835486412e+09
4.741421503140354156e+09
