1.307341104056022538e-03
1.047582717203767106e-03
5.641235106870544184e-04
1.665893014829046136e-04
4.266231470739217783e-04
5.662413165079281446e-04
1.563847468260604751e-02
2.264359206110212741e-02
1.207386782443199830e-01
6.346231234436728874e-01
9.092962550470221617e-01
9.321473200947383297e-01
9.362807824667807033e-01
9.399292682649890152e-01
9.407137886889581635e-01
9.407757724282234113e-01
9.410861415697607812e-01
9.424192467826588704e-01
9.441677764044326127e-01
9.426082901171514150e-01
