4.730673033164805772e-04
2.518862443789851406e-04
1.578787117631471140e-04
2.105453409575289451e-04
2.820495078528556174e-04
1.036706023985711588e-04
1.441938410323148157e-04
2.433621414847171767e-04
2.367796538719298474e-03
4.515670537059419780e-03
7.751431143001037694e-02
6.249336561946391422e-01
8.651301785201273020e-01
8.966894601007034948e-01
9.032302014021336145e-01
9.069479971987919331e-01
9.147313910056933395e-01
9.115761566162757790e-01
9.132016352779754875e-01
9.167667776835997095e-01
