1.349377790477493920e-03
4.250820693850739873e-04
4.348653918732419636e-04
1.016803398893665998e-04
7.539998660818128095e-04
7.458618627474846796e-04
4.994496255271166580e-04
8.832686583299303789e-04
1.462674137119779685e-03
2.847083306200589789e-02
4.836125174308992802e-01
8.585965871917046188e-01
8.949891687712719923e-01
9.039684267328897960e-01
9.064186835299516964e-01
9.111762248607687686e-01
9.112282381347970306e-01
9.109423737273121269e-01
9.126738034003046840e-01
9.151113769338327097e-01
