4.934331262093622237e+07
9.326643634853725135e+07
9.396741245405201614e+07
5.257395507283502221e+08
5.743675280794700384e+08
2.687381942548582554e+08
1.359575922470062017e+09
1.165894413586245060e+09
2.474775705496726513e+09
2.905638804021558762e+09
4.328015375486927032e+09
4.538233105800830841e+09
4.644695684406566620e+09
4.682534298760570526e+09
4.698998168749832153e+09
4.712990289358753204e+09
4.720356195318531990e+09
4.725230686855035782e+09
4.727823537232967377e+09
4.729865979439104080e+09
