3.672966627743106842e+09
7.379183025511581451e+06
2.104442499046922624e+08
3.364007104974262238e+09
9.551235825618225336e+07
1.805921431520898342e+09
3.736985495342433929e+09
4.292904690926132679e+09
4.571961214755700111e+09
4.628487968188653946e+09
4.660128586015219688e+09
4.680929272186111450e+09
4.693655660098987579e+09
4.704996911302748680e+09
4.711295260911242485e+09
4.719173441192961693e+09
4.723252917005307198e+09
4.724817042456770897e+09
4.727830463917710304e+09
4.728718271877621651e+09
