4.422509939840839803e+07
4.378844506639149785e+07
1.404292604820854902e+09
4.036668585859829187e+07
1.740004260325898409e+09
2.369774641538159370e+09
4.789046627297657967e+09
4.366917094196261406e+09
4.594995956653551102e+09
4.645281200573200226e+09
4.674228978053010941e+09
4.691318400403919220e+09
4.705756874636988640e+09
4.716266153848752975e+09
4.722228257287235260e+09
4.722467656498044968e+09
4.723852736662619591e+09
4.726472677250644684e+09
4.729532716846822739e+09
4.729761982448934555e+09
