1.114604543716720488e-04
1.384510526738411660e-04
2.296478789883365981e-03
8.777993796590550244e-04
8.108118773750657609e-04
2.539752796876425245e-03
2.100766194554380857e-03
1.757817754498844755e-03
2.340525132187212809e-02
2.762144542223212706e-01
8.105422928663927884e-01
9.257603016883458880e-01
9.342552203080295437e-01
9.392289156520720050e-01
9.403413795920746443e-01
9.425642896519065284e-01
9.411882282711926395e-01
9.443228278336778247e-01
9.430408075596843354e-01
9.429846779073889351e-01
