2.120478174589235544e+09
4.101470121651445050e+06
2.552340448585473467e+06
5.684853194902502745e+07
5.439468939179444313e+08
3.739896178308745027e+08
5.097240120530436635e+08
5.443425784939126968e+08
5.420284620555958748e+08
5.427309355688470602e+08
5.437016741741704941e+08
5.438761234408180714e+08
5.441714884836095572e+08
5.439752778389643431e+08
5.442798737452924252e+08
5.444874211014138460e+08
5.449177796246318817e+08
5.450829413739482164e+08
5.451449588683198690e+08
5.451498683063093424e+08
