4.267059433793594816e-04
2.162587283136873425e-03
3.047089316482445073e-03
6.023623849046901881e-03
3.863618219382131819e-02
4.301514403565481204e-01
8.706815987617898545e-01
8.945419117337544135e-01
8.986427050906684588e-01
8.960864411836138022e-01
8.977533423843508942e-01
8.987100343729862439e-01
9.011323769081800439e-01
9.007922159009665863e-01
8.966176732069701671e-01
8.988752069546197543e-01
8.982954330843019308e-01
8.996626921717191250e-01
8.989534494026678590e-01
8.979947170265810685e-01
