1.464774203043859950e-04
8.371078430746436462e-04
1.285125414227122030e-03
2.574127001478021971e-04
2.369023027851086070e-03
5.009070742952635019e-02
6.911365420806460103e-01
8.569872104823235137e-01
8.541972576145566709e-01
8.614027565398032493e-01
8.593853136742427568e-01
8.615449148009453051e-01
8.629169908515922360e-01
8.655064853336865704e-01
8.585185977019659243e-01
8.587487428799562839e-01
8.612966095413160383e-01
8.599226867878975167e-01
8.659685437142258246e-01
8.647493352470055905e-01
