9.982810979125040108e-04
1.286951099258257800e-04
6.118623252227717996e-04
1.861143853841919563e-02
1.334682705822787946e-02
8.102867943016875407e-02
6.070908608400492623e-01
8.888372325147180231e-01
8.982231652608708705e-01
8.989669212294754130e-01
8.957332669965041294e-01
8.954483426422473746e-01
8.988660584300275369e-01
8.976780924535376904e-01
8.994878532060005538e-01
9.009601362165465810e-01
9.009066262236667955e-01
8.979094022109525008e-01
8.990978744435259573e-01
8.977829125127535503e-01
