2.995953435221279506e+06
5.149303272551612556e+07
8.026861296902802587e+07
3.139540937525067329e+08
5.002847960593165755e+08
5.303530425245302916e+08
5.377575440670082569e+08
5.398367594527078867e+08
5.425445400311096907e+08
5.437468580700556040e+08
5.448235269059466124e+08
5.448456144017537832e+08
5.447734427240618467e+08
5.446892619084349871e+08
5.449566817966532707e+08
5.451286357402925491e+08
5.453585740479024649e+08
5.456031016336429119e+08
5.454027296407463551e+08
5.450507563156353235e+08
