2.485283007886288315e+07
2.132416124133553356e+06
1.998127160773557425e+08
2.526091480727734864e+08
5.124463011367374063e+08
5.367495070402699113e+08
5.406256375031334162e+08
5.435204876978235245e+08
5.440370731677641869e+08
5.441163392698018551e+08
5.438856459404247999e+08
5.433516340467313528e+08
5.434930713874069452e+08
5.437012128690282106e+08
5.437234343304666281e+08
5.436858322186627388e+08
5.439724969199446440e+08
5.440008456246774197e+08
5.440442615246112347e+08
5.441902392232545614e+08
