6.966165384655734897e+07
8.401172546245490666e+05
1.160818909511680156e+08
2.168512935365113914e+08
4.393905909361281991e+08
5.164912654888398051e+08
5.379348313977054358e+08
5.406964463214048147e+08
5.421388103000909090e+08
5.433129533558340073e+08
5.443520495949977636e+08
5.452036625625181198e+08
5.453590105394314528e+08
5.448605784154487848e+08
5.451428029130522013e+08
5.449588490189760923e+08
5.454289552902798653e+08
5.455746647954348326e+08
5.457063232866475582e+08
5.460657567623581886e+08
