1.095708087520116940e+07
1.523985115541889332e+07
6.641103619030816108e+07
2.639147847663375437e+08
5.243698505364605188e+08
5.246167435743147135e+08
5.391175185562074184e+08
5.393400493812394142e+08
5.421608926001316309e+08
5.425742061946237087e+08
5.433438875459350348e+08
5.436795691819561720e+08
5.441276914872964621e+08
5.439089271427054405e+08
5.442445469106724262e+08
5.446867009885046482e+08
5.446669795202648640e+08
5.450557859470864534e+08
5.453639813309054375e+08
5.454242775643476248e+08
