1.162643659047732066e-04
1.272901481732123974e-04
6.902032365841705673e-04
6.841966271751232301e-04
4.656182825510614865e-04
9.127567792320613257e-03
1.002973788318487075e-01
6.621207856818210891e-01
8.902762474825115513e-01
8.945232565591499929e-01
8.967254892528979671e-01
8.965686408935057417e-01
8.970242634113388958e-01
8.996629286649997503e-01
8.987617663383044020e-01
8.986759585566127528e-01
8.976188816484437227e-01
8.990281003337539101e-01
8.985852482775390504e-01
8.995581572958879502e-01
