2.457439830778469195e-04
1.492809322079964043e-04
2.877198780773992850e-04
4.775757754913073942e-04
2.297219136140803575e-03
3.250142036653872780e-03
7.549394777380325980e-03
1.431264394425003361e-01
6.060635042073208023e-01
7.610754724504392721e-01
7.805503770954402842e-01
7.814879525188638265e-01
7.847966397482428746e-01
7.877028990081940130e-01
7.916146501143170866e-01
7.929331247000357408e-01
7.871826248600720666e-01
7.886835502430707967e-01
7.956618072502509298e-01
7.941143508957512198e-01
