1.026911652907906269e-03
1.122330691385770192e-03
1.358077876882867385e-03
5.826801736627947818e-04
1.127387078600074893e-03
1.960141280070062074e-03
5.040308103601902519e-03
4.173971959559540784e-02
4.479287312231690632e-01
7.482210580620171081e-01
7.732632599623454617e-01
7.797430688852718950e-01
7.862625408582633035e-01
7.869666819281676551e-01
7.866865096249183731e-01
7.903963145810409818e-01
7.910053638441716384e-01
7.930380431655007500e-01
7.913774070836312458e-01
7.942474040364460031e-01
