1.409130033714778719e-04
1.026627888229627878e-04
1.120261681886300706e-04
1.246263290329944768e-04
3.333492486745356443e-04
2.424874553717636886e-03
1.712431961468556616e-03
7.018622475800186111e-03
2.830733362358024002e-02
3.640137572362685536e-01
7.330301103032998977e-01
7.685802883217395243e-01
7.766768114872970585e-01
7.806673936972025052e-01
7.832148945758199421e-01
7.904827205994300332e-01
7.911062815201734821e-01
7.857782852529003881e-01
7.893897317217013487e-01
7.911810249656278105e-01
