1.124690214872814918e-02
2.373879147320556108e-03
1.677139535572297682e-03
5.570973784954032226e-03
8.097156239127442992e-03
1.316162091602473758e-02
4.054195893035221487e-02
4.016876524069456500e-01
7.882104076890359412e-01
8.315354311017638667e-01
8.373263885199382361e-01
8.401550431383361106e-01
8.426992982641119401e-01
8.419117254849587395e-01
8.446807489082419629e-01
8.459025834207958283e-01
8.428872561510448724e-01
8.423355574116665467e-01
8.502091776318111416e-01
8.418738686893745271e-01
