5.065448926913812371e-03
2.023506367378742881e-03
3.123894911363031372e-03
6.153660358158017166e-04
1.056796638012083307e-03
4.279931924891428908e-03
4.794083460899893970e-03
3.680029299327631370e-02
3.063460761863889825e-01
7.594057135046979878e-01
8.256635307373408894e-01
8.364228983958724717e-01
8.419988935899912486e-01
8.388320146126900800e-01
8.385293959831965349e-01
8.396051538481783538e-01
8.438940320569602305e-01
8.427409997472760095e-01
8.466488717827431731e-01
8.409437478370841434e-01
