1.288626223232120253e-03
1.187460396553041480e-03
4.970003869328294644e-04
1.324557345031328131e-04
3.016087482889663021e-04
2.600157152031451306e-03
4.337926678171760263e-04
4.884038115016520881e-03
8.138694309011856171e-03
1.041190201643198976e-01
6.124628684866844086e-01
7.580238739997025021e-01
7.752632892933539743e-01
7.846066774416289302e-01
7.902916464226087401e-01
7.894469810845722302e-01
7.834367834042988976e-01
7.856956740936921202e-01
7.952207640860778914e-01
7.917766803429243661e-01
