5.548873332064071894e+08
8.433740508639832959e+06
1.656688959624619722e+09
7.644619189125695229e+08
2.062921785140488148e+09
2.863812402376345634e+09
4.047942913202578545e+09
3.788194776136104107e+09
4.424338838244755745e+09
4.580313883318541527e+09
4.643363490935376167e+09
4.671802505852826118e+09
4.695843075272877693e+09
4.706339928875287056e+09
4.712169159617477417e+09
4.718431492765297890e+09
4.726046793869950294e+09
4.730492303970605850e+09
4.731977336872036934e+09
4.735381810591296196e+09
