1.494410160004461989e-03
4.736656230089120179e-03
4.771234946635537905e-02
3.242626843706301054e-01
3.508616366785966001e-01
4.473832611216655986e-01
3.522491828846096573e-01
4.376910463616669467e-01
4.396582437090820750e-01
8.148351229436047449e-02
5.195579043675905284e-01
3.962581463767514967e-01
4.389438953426986756e-01
2.324199924874054413e-01
5.064063788132288080e-01
5.604569574562237033e-01
3.613058332139313378e-01
5.816340768966394847e-01
4.422404387658083746e-01
4.518002799901189026e-01
