1.324714365486311845e-03
2.092549984859086790e-02
4.213327655186512866e-01
7.483670200244489923e-01
8.057030719273247099e-01
7.832648609275955076e-01
7.995375215238514910e-01
6.814173897982086503e-01
6.571086380614336031e-01
7.736709040160992812e-01
7.674551337633576109e-01
7.464784279455867200e-01
7.754266617645370063e-01
7.314263536144347544e-01
8.104325465950412699e-01
5.227393495121894773e-01
7.702124719530976105e-01
7.467389625509014417e-01
8.082648017846261190e-01
7.973049707877265524e-01
