1.239005119926022053e+04
2.855976181785477820e+04
3.578819429622882308e+04
3.723542394755404530e+04
3.717798026298783225e+04
3.736407773821043520e+04
3.739892020197631791e+04
3.739712891561353172e+04
3.743099164228227164e+04
3.744929397648070153e+04
3.755532510103404638e+04
3.754727816166494449e+04
3.754332355634464329e+04
3.754880740889010485e+04
3.753070017676940915e+04
3.752277480887271668e+04
3.750499567503615253e+04
3.754935840029413521e+04
3.757027890709679195e+04
3.756458254625186237e+04
