1.030026209256649250e+06
8.056360164462609646e+03
2.393262726335544357e+04
3.751803687002752122e+04
3.740472920998200425e+04
3.755816763795519364e+04
3.739870157074953022e+04
3.728857613502548338e+04
3.734271495037715067e+04
3.734863630938576534e+04
3.732393245592107996e+04
3.733042015036356315e+04
3.735810069091065816e+04
3.735964814707548067e+04
3.740823377004363283e+04
3.740345254872813530e+04
3.739259560392287676e+04
3.736556874197556317e+04
3.736504869619275996e+04
3.737153244012827781e+04
