2.860812570147447387e-03
5.090971856269136016e-03
6.101739483904812522e-02
3.368242297688048836e-01
3.610417089836909232e-01
3.284143950765618936e-01
2.688925260476595080e-01
3.084925817884763277e-01
4.744206745121077318e-01
1.787519835763557441e-01
4.125416583159353112e-01
2.107826460019519496e-02
3.439847537111174192e-01
3.338128251079554021e-01
3.836896325004657826e-01
4.270708689768047406e-01
4.837611396455926416e-01
4.959856262025177376e-01
3.202257439533665040e-01
5.672699244497130255e-01
