2.189326885804741551e-01
9.986323964912692253e-01
9.999323892159562854e-01
9.999799910584925566e-01
9.999364918956314963e-01
9.999569371047101196e-01
9.999676905903891466e-01
9.999502769622424792e-01
9.999571736617623996e-01
9.999684175163499056e-01
9.999746831504999767e-01
9.999757559905944060e-01
9.999665908423481797e-01
9.999730988666255538e-01
9.999681130239984617e-01
9.999767358361347780e-01
9.999812032338138978e-01
9.999771239401771261e-01
9.999786610100486195e-01
9.999808549797543078e-01
