1.370797061411033191e+01
1.400234904821136439e+01
1.402997558318052995e+01
1.403399067359690378e+01
1.404982568553940681e+01
1.405173234093844670e+01
1.405268078413448052e+01
1.404979018782853295e+01
1.405057215662094094e+01
1.405217851134763762e+01
1.405147406901587459e+01
1.405173181643513303e+01
1.405208829951207505e+01
1.405154891685407215e+01
1.405126025892162644e+01
1.405105818913363969e+01
1.405087593079315056e+01
1.405083701577627586e+01
1.405121261151345458e+01
1.405091930087468377e+01
