1.423480164349292743e+01
1.400290478445157127e+01
1.402737004224755246e+01
1.401605912102472296e+01
1.402472801465677499e+01
1.402556360180746964e+01
1.403263216170152106e+01
1.403642217723299446e+01
1.403897699793098397e+01
1.404190987391556433e+01
1.404113707752901874e+01
1.404223272625190333e+01
1.404234016238341276e+01
1.404295200514291153e+01
1.404321749573196954e+01
1.404400783137278275e+01
1.404355486328584313e+01
1.404439436439213473e+01
1.404440077343284621e+01
1.404469545333072311e+01
