3.628539617927960714e-04
1.084189858438084746e-04
3.077560402947695411e-04
1.008587787623769751e-04
6.927520273453871688e-04
1.959994342189439007e-04
2.316029868814589547e-04
1.200522791407566064e-04
4.263394426902634114e-03
1.751059943011209173e-03
1.921651959452091475e-03
9.517062244138628979e-04
1.590391208650888694e-03
1.021550524983386686e-02
8.050693852983330928e-03
1.105263423161593345e-02
1.898046376321914364e-01
5.761850851850393029e-01
6.469820917450700426e-01
6.590577855210018043e-01
