2.909184312449342755e-04
1.000762666358341347e-04
2.879305898502914837e-04
1.625811590456921376e-04
4.886156323662939555e-04
1.672801984719947638e-04
2.165223911671861241e-04
9.328978288188901702e-04
8.592110409903272591e-04
9.339247689494954794e-04
9.396639924472806934e-04
5.245034065283177933e-04
2.051379512127056730e-04
1.139422429824586474e-03
1.350444989092930296e-03
5.839665467915912574e-03
5.593673896235085846e-02
3.497399088516753296e-01
5.617068200989698834e-01
5.891055446137711815e-01
