3.547094792213700195e+12
2.378686388522433281e+09
3.186787877672596191e+12
3.622501536066939697e+11
1.044276447304634250e+15
1.551006901657803711e+12
2.693773738621048500e+15
1.731966049018350391e+13
5.803319167800524000e+15
3.153639419152591875e+14
5.311035630898709000e+15
2.037904824910648800e+16
1.427809131779336600e+16
3.509020134456771200e+16
3.872347898949637600e+16
3.831809015413698400e+16
3.940335704912639200e+16
3.994024662391985600e+16
3.993283866616608000e+16
4.010933730782263200e+16
