2.973216044438257599e+10
1.598659080681521893e+09
1.717421815181620703e+13
1.937585891126470032e+11
2.252077412411970312e+13
9.860630760136268311e+11
5.549285561003619531e+13
1.077727592842001719e+14
2.992163242575727500e+14
2.692561440557452344e+13
3.530815345527791000e+15
7.269614477883520000e+16
1.821709675557112750e+15
2.449075445781785600e+16
3.513021581593440400e+16
3.275091988085789200e+16
3.765580049957726400e+16
3.884304861626022400e+16
3.935708465214976800e+16
3.957222607704799200e+16
