5.578717920254787702e-04
1.041091751963284755e-04
2.722738305969711527e-04
1.295719857891983011e-04
4.501093534584500321e-04
2.354494361215013953e-04
1.286090081257428236e-03
1.503363991550758728e-04
1.669260518293457407e-04
5.451639865707634362e-03
2.516418773676304312e-03
2.410033180123951138e-03
3.231656033712389936e-03
4.376934115321406971e-02
1.749228865868426019e-01
5.183788797041416485e-01
6.369169443523059471e-01
6.582301416751819012e-01
6.601497230805055683e-01
6.636026192329774753e-01
