1.000605196965784058e+12
1.391424823904635906e+09
5.612714126982792969e+12
6.294197775438500977e+10
1.125039939671241016e+13
6.993559474311560547e+12
6.868125294455348633e+12
8.494324067508519531e+12
1.960535920183918500e+15
1.598443154063744873e+12
2.888207499762760500e+15
6.347714028592163750e+14
1.961084449312178750e+15
2.523642821171443500e+15
1.167843661623872000e+17
2.025416228292758250e+15
1.996962279504666400e+16
3.309909558375886800e+16
3.724402086912407200e+16
3.869229166838482400e+16
