9.453952082444820557e+11
2.472877718087584019e+09
1.654240557834482666e+12
1.138640133376169205e+10
4.537418684846399414e+12
4.108069856447022705e+11
9.970703348578449219e+12
8.984053610454508057e+11
1.357031761030725469e+14
2.387377251174729688e+13
7.475044541593785600e+16
5.855475594765825000e+14
1.352565026478601760e+17
2.985650540207646500e+15
2.908042743420925600e+16
2.299137853939530000e+16
3.587025530632432400e+16
3.843544904967713600e+16
3.908875369930375200e+16
3.957066066017693600e+16
