1.282194105388357556e-04
1.273861858335013409e-04
1.082866974779170830e-04
2.316220450519114059e-04
1.731111917956884788e-04
1.482535801828717078e-04
9.751627956633546592e-04
1.104424660078860828e-03
6.425601906437950492e-04
2.038132783098969576e-03
1.236074210680265534e-03
7.446355058490900479e-04
1.474774080853546608e-03
1.600208005146301236e-03
3.732023469939378321e-03
2.463527606117145267e-03
1.644933015014478361e-02
1.331509976631612691e-01
5.029854829939055527e-01
5.766590530015073268e-01
