7.717988201408348389e+11
1.822135339006674290e+09
6.766450634789334717e+11
2.064168568404079819e+10
1.019448372681509688e+14
3.785776931847642212e+11
2.027752013862477344e+13
7.759441575756551562e+13
4.304135091982028906e+13
3.072280212954229000e+15
3.163655547413174609e+13
3.285677211573969500e+15
6.035322114088709000e+15
2.093040458257109600e+16
5.811940451797158000e+15
3.574865071912585200e+16
3.413607189795361600e+16
3.815850178407605600e+16
3.963464640893030400e+16
3.972506229405247200e+16
