1.419973003957276001e+11
1.672899754938377142e+09
4.511853685602090454e+11
5.391264814950166321e+10
1.737008383442368438e+14
1.165446457572652100e+12
1.295519623511314800e+16
8.472638754174361328e+12
2.709605180151632188e+14
5.166300885365442188e+13
1.066254595593337500e+15
1.387468153603482400e+16
2.451205132352431000e+15
2.710320659718568400e+16
3.114980946246102400e+16
3.362452343749772000e+16
3.590874140718812000e+16
3.827071249661204800e+16
3.919313914454468800e+16
3.943748182701504800e+16
