8.323021317163970543e-04
1.048748462114738980e-04
2.774744707219048618e-04
3.945224051709139246e-04
1.753943300986246338e-03
2.907781342539880807e-04
1.621611351799943088e-04
1.345949458659650392e-04
5.138356805272645614e-04
1.270543453415960006e-03
5.232014166735689600e-04
2.197551212014403762e-04
9.820089743616932515e-04
8.735946569696649740e-04
5.884574085597617807e-04
6.134832631984786337e-03
6.604370400881991697e-03
1.285095043890602598e-02
6.109781225955068090e-02
3.193760318050792857e-01
