1.658702110940474608e-02
8.891231732943661870e-01
9.154627616129417111e-01
9.152887649297790640e-01
9.162433931936450060e-01
9.222779766863470341e-01
9.237806116656948063e-01
9.089313587210161582e-01
9.272989037321180961e-01
9.169247496695906996e-01
9.206953359362215483e-01
8.832070859721725675e-01
9.088940143818712292e-01
8.569486770366039341e-01
9.061970482787569114e-01
9.118064740479545627e-01
9.201721232521279381e-01
9.269385824986539069e-01
8.954806489914483025e-01
9.062588704505224468e-01
