3.367648445374166882e-02
9.334861891789804078e-01
9.636674108331717559e-01
9.522959658187081233e-01
9.622802955857480134e-01
9.579314139039050158e-01
9.585842521557584872e-01
9.602644109191349475e-01
9.573098452435275796e-01
9.545321110667410736e-01
9.605475324889021227e-01
9.576990677046195444e-01
9.604310347381422863e-01
9.632049549349822604e-01
9.575284931646497188e-01
9.616674517042378412e-01
9.533085316014169308e-01
9.563215092822177077e-01
9.582487730769095879e-01
9.524435248196242432e-01
