1.277548394245602879e+02
1.397176183844016748e+02
1.404387467703341201e+02
1.403749717205045613e+02
1.405009674726864262e+02
1.406606975643915689e+02
1.406221139111488583e+02
1.407132279005017210e+02
1.407790827739176507e+02
1.407855942704833581e+02
1.408392495214025359e+02
1.408002939306472001e+02
1.408339619608795488e+02
1.408744232699835663e+02
1.408853817829674995e+02
1.409102267771743300e+02
1.409215518829562370e+02
1.409151185944705276e+02
1.409621391452000125e+02
1.409731120632815475e+02
