1.302408129222094431e+02
1.410941388720172824e+02
1.409526787857556656e+02
1.410545402917416880e+02
1.409388860316681473e+02
1.410385901869892393e+02
1.410891660809915891e+02
1.410446182197032670e+02
1.409807706688924043e+02
1.409868424001968492e+02
1.409920685597099919e+02
1.410201816494125069e+02
1.410361726015919146e+02
1.410082851939756949e+02
1.409932002789233820e+02
1.409722998271359984e+02
1.409861212456701764e+02
1.409786203366374195e+02
1.409742539889166721e+02
1.409583094640841523e+02
