3.236128277087549354e-02
9.404966396886556002e-01
9.440428165263020643e-01
9.471811537499974509e-01
9.439157545789862436e-01
9.555567402161109225e-01
9.560124200147483986e-01
9.505139552142478632e-01
9.542240356925589806e-01
9.487366539463409909e-01
9.557928601220950782e-01
9.541886233712024712e-01
9.533806931613745261e-01
9.567171775260345790e-01
9.608072202491599878e-01
9.539439659722811493e-01
9.546436735343106772e-01
9.305275125728491581e-01
9.532254096904390073e-01
9.555197150374941106e-01
