1.713891692887981044e-02
8.614531533534699470e-01
9.178477642358755517e-01
9.250431884226948398e-01
9.048896681414794196e-01
9.215569419776205029e-01
9.211300139605850257e-01
9.269682321235975797e-01
9.232310399640164533e-01
9.242113289191778991e-01
9.009919853147297930e-01
8.971110752806619182e-01
9.013216338543716954e-01
9.239501179149521848e-01
9.130066278229628240e-01
9.109800570578782120e-01
7.864113014465156093e-01
8.394110729984737285e-01
8.608830136327427773e-01
9.127956235383213324e-01
