1.644458977275939718e-02
8.553310560166128562e-01
9.068933282429308962e-01
9.029541496621494856e-01
9.194398890955334247e-01
9.032653760517936892e-01
9.003397420682439645e-01
9.191846608962129794e-01
9.215042428138909836e-01
9.243288197514685223e-01
9.132191811092335021e-01
9.246696987949004631e-01
9.279206660908829729e-01
9.270388877486346324e-01
8.014072030290260162e-01
9.148217914177774190e-01
9.124417069857504448e-01
9.091202418044368461e-01
9.267483100392841511e-01
9.150672240428803228e-01
