1.298751918518021569e+02
1.401727494007361372e+02
1.407059371469451321e+02
1.408117197617275735e+02
1.409019699512833483e+02
1.408333946114637456e+02
1.408402114680570492e+02
1.408755457293663937e+02
1.409469039415692180e+02
1.408906433696773774e+02
1.409561948805178417e+02
1.410126509614571546e+02
1.410317789648137250e+02
1.409698259942037453e+02
1.409994039999885445e+02
1.410106798095578995e+02
1.410019112779770012e+02
1.409977340760874256e+02
1.410261380847450710e+02
1.410464153279462778e+02
