2.878757874674113884e-02
9.566393951961985609e-01
9.570494888152567547e-01
9.525227226580995632e-01
9.533649143679093774e-01
9.475641211304232092e-01
9.579162387518369570e-01
9.585783034120428647e-01
9.575867207722009722e-01
9.597484235041867651e-01
9.575749255686815120e-01
9.579626424986582567e-01
9.548904359470913317e-01
9.605413913664275771e-01
9.537962117084273217e-01
9.564320219887810781e-01
9.543300045977749502e-01
9.607411954533052745e-01
9.596585502198533568e-01
9.536463154562256905e-01
