1.936200405962678478e-02
7.921606709993124218e-01
9.102478946550134342e-01
9.014291011627134642e-01
9.038150512200615605e-01
9.082231110610726743e-01
8.204530913820132776e-01
8.942652305594586126e-01
9.139048471568275156e-01
9.179909714381131458e-01
8.916422093870142174e-01
9.070943792566075192e-01
9.177954536009856890e-01
8.858500625526644079e-01
7.102089862261183884e-01
9.043761183732628162e-01
9.134253419238183014e-01
9.214965063870650397e-01
8.819067476052735444e-01
9.231538653522335380e-01
