1.382883626625472289e+02
1.402624789979585387e+02
1.405806745697104247e+02
1.410293152086740633e+02
1.408961422252079387e+02
1.409388527194919618e+02
1.409866414804499755e+02
1.410560949226198204e+02
1.410598632301556847e+02
1.410936102470681703e+02
1.410781408508680670e+02
1.410697112449748829e+02
1.410522859330142182e+02
1.410556356167527099e+02
1.410774351990173159e+02
1.410533685479167900e+02
1.410549961273699751e+02
1.410555142494040126e+02
1.410810748781649693e+02
1.410835065649115734e+02
