1.586491089082555380e+06
6.714752506708081346e+05
2.722095058610541746e+06
2.543383858384224121e+06
2.685234125667302404e+06
2.712350513561707456e+06
2.718558563348275609e+06
2.717511013275607489e+06
2.717234019849617966e+06
2.717674491583260708e+06
2.717403233764110133e+06
2.717479293507045601e+06
2.717821211719310842e+06
2.717466340554598719e+06
2.717527459688003641e+06
2.716857094228948001e+06
2.716264247550616506e+06
2.716158207223151345e+06
2.716269211778444238e+06
2.716435347233090084e+06
