3.991178940443476895e+05
1.777444715415201150e+06
2.597133318696103990e+06
2.708267292641898617e+06
2.707222550166042987e+06
2.714314170401907526e+06
2.714036219439348206e+06
2.714159194417555816e+06
2.714689642433596309e+06
2.715374798094677739e+06
2.715347195507908706e+06
2.714423385635273531e+06
2.714677244244423229e+06
2.714315574190720916e+06
2.715003008320453111e+06
2.715227949246760923e+06
2.715491084780794568e+06
2.715435597951876000e+06
2.715405604463813361e+06
2.715435585163320415e+06
