4.851427767967064865e+05
2.108355064829010982e+06
2.537855983913761564e+06
2.696143326981495135e+06
2.699273770705728326e+06
2.709257972345136572e+06
2.709851749264655635e+06
2.710198552662367467e+06
2.712261645794868469e+06
2.713142161958608776e+06
2.713742380256053060e+06
2.714070176726317033e+06
2.714486732567347586e+06
2.714745401836023200e+06
2.715600686233171262e+06
2.715288104293369688e+06
2.715157827598275617e+06
2.715438428004702553e+06
2.715404893521585967e+06
2.715609745829963591e+06
