2.308881965912102605e+05
2.251806753185786773e+06
2.620673598311839160e+06
2.705565859972092789e+06
2.711458774886641651e+06
2.712694889172230847e+06
2.711962954077386763e+06
2.710095240919018630e+06
2.711433115188252646e+06
2.713329854763415642e+06
2.713793541209058836e+06
2.714168925838213880e+06
2.713713309205463622e+06
2.714134846636834089e+06
2.714372903681945056e+06
2.714331783329975326e+06
2.714954526710532140e+06
2.715437708210780751e+06
2.715638319691223092e+06
2.715585003766759764e+06
