6.108029396898808370e-04
6.591534523901301269e-03
1.621953340742495753e-01
9.130716387799672207e-01
9.315006467319933980e-01
9.665732637298728447e-01
9.579226954665859273e-01
9.698752284502675236e-01
5.984583372507638055e-01
9.162369558170345707e-01
9.764748950052152265e-01
8.616426387497778672e-01
9.669677292067536678e-01
9.965309640184236706e-01
9.976399151149096811e-01
9.984174189456793691e-01
9.988605805804405824e-01
9.991719028709169503e-01
9.992676856008196884e-01
9.992723189466484746e-01
