1.000000000000000000e+00
1.899999999999999911e+00
3.700000000000000178e+00
5.500000000000000000e+00
7.300000000000000711e+00
8.514516992543113005e+00
1.000000000000000000e+01
6.680056400551150020e+00
7.553111375762520119e+00
6.596327040732107072e+00
6.722370597180129970e+00
7.425109389605442090e+00
9.086508518717689498e+00
6.410815351823770492e+00
6.543569036618841928e+00
1.000000000000000000e+00
6.804428555741771412e+00
6.196396940119355712e+00
6.543005730950131493e+00
6.846769008316577754e+00
