9.587896434932877132e-02
7.156513227447922620e-01
7.138121185605637020e-01
7.121594673820736965e-01
7.106407387862933023e-01
7.109466513366520246e-01
7.089003203246880824e-01
7.117156628380143513e-01
7.125341347451570329e-01
7.132309614358451899e-01
7.099405972416734656e-01
7.139976743094954559e-01
7.123563264646717297e-01
7.134933484129853953e-01
7.120060758901610720e-01
7.147678104090277040e-01
7.107412316696785082e-01
7.149314324154572020e-01
7.116489621453436776e-01
7.103465371518418170e-01
