1.191453132814625226e-01
7.909173975509771193e-01
7.722444566915807052e-01
7.745377776005368808e-01
7.775753019181970149e-01
7.734465236850357472e-01
7.747813692162630606e-01
7.740121262603726349e-01
7.703983477487151843e-01
7.737992245013556314e-01
7.729560304264604387e-01
7.756362759110909666e-01
7.730586986311761555e-01
7.740641502045271238e-01
7.723316196393946731e-01
7.736580508779280496e-01
7.752363898830814115e-01
7.753963393036524820e-01
7.765557819603786660e-01
7.757887540061815246e-01
