1.373938575567159326e+01
1.410588400768753203e+01
1.407138995169177065e+01
1.404964217471524002e+01
1.405351011499609548e+01
1.407377298562540702e+01
1.407460715858235289e+01
1.406899654573719616e+01
1.405382334766674290e+01
1.405886582294727027e+01
1.406197330488532238e+01
1.404793981617630116e+01
1.405695691099391098e+01
1.405988337773382213e+01
1.405611957379097987e+01
1.405508418379856117e+01
1.404827508698784655e+01
1.404141577463467883e+01
1.404268955699539134e+01
1.404701257071023157e+01
