1.144046688333598683e-01
7.584361770655841939e-01
7.736492786687919621e-01
7.766553435586042164e-01
7.729159771847440297e-01
7.748630139696686125e-01
7.756646086740875967e-01
7.739981997323970297e-01
7.714185255021338561e-01
7.719554923023925763e-01
7.714449408280725784e-01
7.752734565748962137e-01
7.738023594588862020e-01
7.730201823923494864e-01
7.737541100605802580e-01
7.739912675323585844e-01
7.716867833304525970e-01
7.777820658172055479e-01
7.728165532683368699e-01
7.731147443012571507e-01
