9.347592969809637165e-02
7.081452411778247358e-01
7.104552795294295509e-01
7.079895669450023687e-01
7.103179458144329717e-01
7.129902725617919268e-01
7.103011466726755208e-01
7.097260383617560731e-01
7.070167556085582561e-01
7.045762905316609315e-01
7.023023679721218659e-01
7.085925109278297107e-01
7.083011701433774565e-01
7.151762113413671074e-01
7.096661055288923103e-01
7.115038124993394719e-01
7.092208227551578537e-01
7.120481977903028170e-01
7.120730809296956787e-01
7.113625805035578287e-01
