1.194117332170587242e-01
7.617471445558647858e-01
7.759717357824059691e-01
7.745979769655950697e-01
7.750512009126322432e-01
7.705268381882646178e-01
7.731022710723740587e-01
7.753310065327039258e-01
7.729702695905100729e-01
7.728547377181284039e-01
7.751382560939366062e-01
7.733487075542333500e-01
7.727264872325070311e-01
7.735026085806723239e-01
7.776401225340955348e-01
7.735231385031163809e-01
7.757992705498891750e-01
7.745994605923589571e-01
7.748451041377452109e-01
7.739878846295300541e-01
