1.407609768060767585e+01
1.408511783458159705e+01
1.400062117345345669e+01
1.403656164418834962e+01
1.402358317452294223e+01
1.404183174240368359e+01
1.404738201112697027e+01
1.403547444551646706e+01
1.404184600230576407e+01
1.404846804460874843e+01
1.404342663867820740e+01
1.403754310404411321e+01
1.404310342986376270e+01
1.405430181124138933e+01
1.405707351644923619e+01
1.404990236466278475e+01
1.403898483345178150e+01
1.403661931944806973e+01
1.403915297968480225e+01
1.403634160418726218e+01
