9.839535084429119893e-03
8.270072848657193942e-01
8.909953515364644749e-01
8.861534116282708817e-01
8.860640619677196961e-01
8.905268007402740160e-01
8.894568447492929852e-01
8.884649576674877869e-01
8.892379847788863811e-01
8.869387982278207350e-01
8.916650093984658243e-01
8.923898690650029497e-01
8.883818042167087592e-01
8.892630811336674768e-01
8.860165738668762669e-01
8.893938201361482054e-01
8.906411641296744230e-01
8.871807040540458100e-01
8.908172318151346136e-01
8.906211260074536895e-01
