1.230468725170399610e-02
8.284971748122768043e-01
8.900173132961428646e-01
8.852298763390227254e-01
8.892982630735132288e-01
8.899811849526367835e-01
8.883572058889975809e-01
8.886675147191624990e-01
8.909562349391548786e-01
8.935279847064554470e-01
8.894584075954367064e-01
8.879417834060705506e-01
8.901304577146269548e-01
8.887111484214871293e-01
8.855075362678910267e-01
8.862864173122869671e-01
8.908884235339731283e-01
8.901242629370886839e-01
8.880201182408786753e-01
8.903577278812205842e-01
