1.749170747861901465e-02
8.752521012786445009e-01
9.091270739654366828e-01
9.119080157632925010e-01
9.134259279903590434e-01
9.100294621294634512e-01
9.104612225367829659e-01
9.101935718691211985e-01
9.106283250418052422e-01
9.108219815596101387e-01
9.080874607304456614e-01
9.106900168909874971e-01
9.084406630133191607e-01
9.088521314585968902e-01
9.092696372197408561e-01
9.091935901280440158e-01
9.074150649584155071e-01
9.092749984031472943e-01
9.098436019274923625e-01
9.111352252095463733e-01
