1.063800869768011768e-02
8.395125916053823856e-01
8.884299809756228683e-01
8.902074048851308374e-01
8.891508541174327762e-01
8.908815498711694092e-01
8.910532422821676457e-01
8.891642191732531675e-01
8.856494586068697217e-01
8.881306010269820472e-01
8.900469565690825036e-01
8.856170913244590936e-01
8.908714902583982909e-01
8.906088387801299744e-01
8.904845822721090265e-01
8.941367509398117086e-01
8.891346441437140147e-01
8.900602451534669335e-01
8.898819320869904015e-01
8.880386821542309850e-01
