1.204676826883755748e-02
8.336004306035614819e-01
8.874549708210690557e-01
8.895901094645940477e-01
8.902614005818405563e-01
8.877566830195053882e-01
8.887944795358794225e-01
8.920707418182423076e-01
8.875353623415678239e-01
8.874788408574930676e-01
8.921800382337872204e-01
8.903677129545295443e-01
8.905875073113422857e-01
8.893718408450773660e-01
8.874018477261547133e-01
8.902729769156360051e-01
8.907261892321716168e-01
8.929479256009439370e-01
8.914187126875043887e-01
8.900229640325609815e-01
