1.289939499488144463e+02
1.398328231000490121e+02
1.406634346515834579e+02
1.408201773960158505e+02
1.409660574739575054e+02
1.407812607129383480e+02
1.408662074316878261e+02
1.409664983358662766e+02
1.411391214259501226e+02
1.411315124453606415e+02
1.411475867488173037e+02
1.411519733377893147e+02
1.411662419047146386e+02
1.411354863772113220e+02
1.411531229399642200e+02
1.411388716353858115e+02
1.411485248696145334e+02
1.410972159739582992e+02
1.410680801498734240e+02
1.410795218593813729e+02
