1.449407548379481057e+02
1.407281763114960143e+02
1.409913948938092290e+02
1.407764464284620658e+02
1.409184049596258319e+02
1.409409900079094484e+02
1.407868726120222220e+02
1.409171088965358081e+02
1.408550752476767229e+02
1.408559031630377092e+02
1.408378172373796247e+02
1.408516135332434089e+02
1.408214346611757435e+02
1.408508864889311667e+02
1.408422149351983990e+02
1.408767078785106719e+02
1.408553883145845305e+02
1.408758059745984497e+02
1.408992596700398394e+02
1.409336546301158819e+02
