1.556799399642277422e+02
1.410169354345645161e+02
1.407263677769887806e+02
1.407985481282697151e+02
1.409404373640512915e+02
1.411664947825476588e+02
1.411678788501234862e+02
1.411295344900605642e+02
1.411597135853887721e+02
1.411310748520103289e+02
1.410340584540617215e+02
1.410725968986532450e+02
1.410823000141165835e+02
1.410659524082586529e+02
1.410447924593116227e+02
1.410196787463431747e+02
1.410330478166255261e+02
1.410656419050049522e+02
1.411060604030951424e+02
1.411313767178773730e+02
