1.458514695765630904e+02
1.414107533970637007e+02
1.413963981879555831e+02
1.412166905302696307e+02
1.411221931821666544e+02
1.411068395558758368e+02
1.410855364971808399e+02
1.411487798294593006e+02
1.410872942246112132e+02
1.411292759406783546e+02
1.411117267760741925e+02
1.411279248211855872e+02
1.410512340103967404e+02
1.410365693784483767e+02
1.410434166406323584e+02
1.411093777014047248e+02
1.411537095245253113e+02
1.411581606162545484e+02
1.411289693116106889e+02
1.411214814829925501e+02
