1.064351335892708278e-02
8.630058476532448397e-01
8.911269076500170083e-01
8.881599354934686108e-01
8.892404858743435669e-01
8.909812003992800822e-01
8.875911976174603035e-01
8.889371531223807521e-01
8.877414554841905892e-01
8.872190838094866638e-01
8.904141384998623954e-01
8.864115041152383911e-01
8.882114733240733528e-01
8.886645561620184486e-01
8.913429012442036781e-01
8.912058955946057237e-01
8.868727937073590528e-01
8.902303294350231155e-01
8.893611619650847455e-01
8.868685046443425257e-01
