1.674077611828303134e+02
1.411389615926277656e+02
1.410567956789349466e+02
1.411273676254418774e+02
1.412682835460127535e+02
1.413138124469774368e+02
1.412308817195340680e+02
1.410951821108260731e+02
1.411044968209145338e+02
1.411787023136222388e+02
1.410402616045602713e+02
1.410803016982779354e+02
1.411240864823794823e+02
1.410955522994085811e+02
1.410468866385754723e+02
1.410677508688875719e+02
1.410275829998881250e+02
1.410652728463068684e+02
1.410831983333129358e+02
1.410176137291393843e+02
