1.430171177299800434e+02
1.406181965783589192e+02
1.409191357487196683e+02
1.411346284523262113e+02
1.410773361097151337e+02
1.409980830808914050e+02
1.407630026932605460e+02
1.408014235530736187e+02
1.409546120734468957e+02
1.409865760587806562e+02
1.410624836857899993e+02
1.410812481316752951e+02
1.410650537054141296e+02
1.410115234943104667e+02
1.409966230412312882e+02
1.409924613836616629e+02
1.409721979891694446e+02
1.409441656494580002e+02
1.408855468238196806e+02
1.409005167447987787e+02
