4.195415468291546131e+04
3.083233494730461825e+04
3.030284713391145124e+04
3.047611595161127480e+04
3.068049080625237912e+04
3.069532733646014094e+04
3.073222501650183040e+04
3.075600505383351265e+04
3.077104781370403362e+04
3.079281010638693260e+04
3.084208716251197620e+04
3.082742197950743503e+04
3.085715541819208374e+04
3.087634900839268812e+04
3.088619363893379705e+04
3.088018310488362840e+04
3.087703143509816437e+04
3.088365639955355437e+04
3.089207535708542491e+04
3.089680394241243266e+04
