3.197845670060310347e-04
7.082521851007037884e-03
4.852692113066819912e-01
6.964812649388485433e-01
7.013008195934749001e-01
7.053828503263255278e-01
7.060010209706545359e-01
7.054880772501147534e-01
7.015373936932352006e-01
7.060281583803399430e-01
7.014614589093292052e-01
6.958063359666414316e-01
7.025000239927553514e-01
7.025917294463462914e-01
7.040408295989120102e-01
7.000434396481185484e-01
7.041825504281451487e-01
7.056269556498085960e-01
7.000546781501132410e-01
7.011197882301055673e-01
