4.515856190791464178e+04
2.904781721151484817e+04
3.039992424199541711e+04
3.070556700037455448e+04
3.088644057932513533e+04
3.087069786099397970e+04
3.084485301775530388e+04
3.089806796431477051e+04
3.090419574654512326e+04
3.093965553491607352e+04
3.093834872990307485e+04
3.096337622223782091e+04
3.095375781273992470e+04
3.093094865893137830e+04
3.095507180483462071e+04
3.097201480696982253e+04
3.094737713285252539e+04
3.093430299476488290e+04
3.094617082416708945e+04
3.093966878045815611e+04
