5.214099594260614140e+03
2.892858379200805939e+04
3.058095814558303755e+04
3.075845185919680443e+04
3.078749365133787069e+04
3.083192508861733222e+04
3.089593802741607215e+04
3.092771957772942915e+04
3.092803770122189599e+04
3.095365567901376198e+04
3.097634979150698564e+04
3.096743709343442606e+04
3.096050968004206516e+04
3.093763435078060866e+04
3.092233476194245668e+04
3.093369413905262991e+04
3.094440632410961553e+04
3.095440280671703658e+04
3.095452315352895312e+04
3.095610716736374889e+04
