1.632378595174372458e+04
3.238130926578757135e+04
3.111949890756985769e+04
3.108355695011654461e+04
3.111526594131326056e+04
3.109857537552980648e+04
3.113276486169315831e+04
3.113115796830244653e+04
3.107340376017780727e+04
3.104485846058795141e+04
3.104082588524985840e+04
3.102592656020504364e+04
3.100981815762373662e+04
3.097932521620573971e+04
3.094163461633185216e+04
3.095478678490756283e+04
3.094260779112883756e+04
3.094679564092357032e+04
3.094708012743721338e+04
3.095129556931699699e+04
