1.787528146051034798e-03
1.789115993574567076e-01
3.331868210207932779e-01
3.228234405323908707e-01
2.714926848936381476e-01
7.918881598912580130e-03
2.861685970798006906e-01
1.030622347929639332e-01
3.225006396473394377e-01
3.249460043587458768e-01
2.890606086686551834e-01
2.233572043226902670e-01
3.418517451425277798e-02
2.891551525834452074e-01
4.065398773960364129e-03
2.988034881953163246e-01
1.253121368067486585e-01
2.222252817925907675e-01
2.363047778954762423e-01
5.222340397898110609e-02
