1.320231836249841081e+03
1.569552400484819827e+03
1.572290763617451830e+03
1.578096655744481495e+03
1.586701472369731164e+03
1.587083147810987839e+03
1.587192270103501642e+03
1.584944587627035162e+03
1.586988241387334483e+03
1.583686310567972441e+03
1.585788203424918947e+03
1.582092848874768379e+03
1.584248139248870984e+03
1.586046723216302098e+03
1.584363648865190044e+03
1.586694107429626683e+03
1.586241428015822066e+03
1.586483337847628945e+03
1.586632308114301622e+03
1.585997989377034628e+03
