6.777067310511497925e-03
7.802062025119027577e-01
9.977855876026028303e-01
8.774303447342416407e-01
9.874112035002732268e-01
9.995794229437146017e-01
9.995289581787120126e-01
9.995508999868963906e-01
9.996259671937450797e-01
9.995709458436269346e-01
9.995559610200955847e-01
9.995945929994844992e-01
9.996230953359267479e-01
9.996299508126138544e-01
9.996750518027291976e-01
9.996732926779546835e-01
9.996513066349503873e-01
9.998334158496473556e-01
9.996625523164330840e-01
9.998477132420737767e-01
