8.194508093837172061e-03
9.428413554344472480e-01
9.782163861226803592e-01
9.094737920221689365e-01
9.983602423098313361e-01
9.929459408978444923e-01
9.997894316126382241e-01
9.998849566760912300e-01
9.999159727042267187e-01
9.999275318788497513e-01
9.999450147366766295e-01
9.999227217667094880e-01
9.999191255048878180e-01
9.998996458923145036e-01
9.999058035929369037e-01
9.999111280130257295e-01
9.999220074932738678e-01
9.999148530740876728e-01
9.999272912629709742e-01
9.999168006007647103e-01
