1.072491318480905953e-02
9.737466652142581225e-01
9.989081414466338682e-01
9.909427817000582284e-01
9.792780485195446971e-01
9.998249687739468872e-01
9.998124432378063808e-01
9.998303002439373754e-01
9.998323862458139422e-01
9.998210709321453393e-01
9.998371374641369380e-01
9.998149467990091743e-01
9.998296739075317463e-01
9.998209768497703376e-01
9.998200245190750346e-01
9.998151577590361772e-01
9.998338597986784482e-01
9.998347318595653954e-01
9.998362670437745958e-01
9.999718043091274655e-01
