1.000000000000000000e+00
7.300000000000000711e+00
3.700000000000000178e+00
9.099999999999999645e+00
5.500000000000000000e+00
4.866596034316462926e+00
4.833645844542317604e+00
4.821556117940426489e+00
4.816394075851992973e+00
4.814291761258199465e+00
4.813344427232872036e+00
4.812954831830791314e+00
4.811679903402648506e+00
4.812401908684256213e+00
4.812027878724022933e+00
4.809460114109205264e+00
4.809690780991375370e+00
4.814764581062831894e+00
5.148083090727077149e+00
5.190878852066022731e+00
