4.116212334187217999e-03
6.185277244673130781e-01
9.944559474034315727e-01
9.985528744448372018e-01
9.989484693541863525e-01
9.993896883037283185e-01
9.994090552509008463e-01
9.994714525159356100e-01
9.996372991892010784e-01
9.996826896807976537e-01
9.996677222716122690e-01
9.997197413415335188e-01
9.997639490451530886e-01
9.997533683670916105e-01
9.997368413786393848e-01
9.997350849003356910e-01
9.997518867579662238e-01
9.997653850775810591e-01
9.997488139043962940e-01
9.997741892450875412e-01
