1.469393484490281272e-03
4.807760668428529560e-01
9.958690108241200489e-01
9.975524842376002344e-01
9.985835216788256918e-01
9.988281297082065580e-01
9.992356329973585138e-01
9.992926358925384722e-01
9.994026676943414955e-01
9.995020314796341232e-01
9.995202840874918282e-01
9.995009872742987023e-01
9.996003363715814105e-01
9.996171809193249436e-01
9.995839532236870939e-01
9.995827438489756078e-01
9.996100558924331247e-01
9.995785494570406104e-01
9.996078516388651192e-01
9.997005678170277632e-01
