1.032977771494302151e-02
7.557319370997801489e-01
9.975115248254853295e-01
9.984000209010812643e-01
9.989255717837097759e-01
9.990258079948602932e-01
9.991835041574190779e-01
9.993680941831269982e-01
9.994563876078450537e-01
9.994876215106615058e-01
9.995371664060149763e-01
9.995727495182796796e-01
9.996986510214205257e-01
9.997494000447519902e-01
9.997757485997685878e-01
9.997981031768675697e-01
9.998094286130863040e-01
9.998144487528585200e-01
9.997807622782469705e-01
9.997725097956107199e-01
