9.088301444903126294e-04
4.812155355428169301e-01
9.897850593413892728e-01
9.967842603749738073e-01
9.980600585947846382e-01
9.986439981408005151e-01
9.987502844010253122e-01
9.988632521115388130e-01
9.990374702872139023e-01
9.989977832238694511e-01
9.990786284521406824e-01
9.992053840395312969e-01
9.992643523939778172e-01
9.993663599519372331e-01
9.993764134899447704e-01
9.994692306351747879e-01
9.995076324915522781e-01
9.995593406767903089e-01
9.995511910786849530e-01
9.995936755533710860e-01
