1.180544975504001963e-03
5.237888868550212296e-01
9.920030456902576566e-01
9.972056181588084822e-01
9.980641249372013135e-01
9.981499302818672703e-01
9.983254695678869250e-01
9.988702344240826259e-01
9.990159264633104996e-01
9.991666626131617823e-01
9.991854468754578500e-01
9.992057903374637062e-01
9.992808896101856853e-01
9.993251698182672449e-01
9.994141139242802563e-01
9.994996061375744922e-01
9.995488071981739608e-01
9.995626446484086047e-01
9.995955465604242640e-01
9.996071522004454923e-01
