2.503806662255008992e-03
6.234147675681722678e-01
9.948371358662378983e-01
9.972456518961108074e-01
9.983800554998690790e-01
9.987713489659769683e-01
9.988201579816936571e-01
9.988530336038770052e-01
9.989515905777834881e-01
9.989981004318586599e-01
9.991619069096907557e-01
9.991842043122437511e-01
9.992330037796249842e-01
9.992370401940833258e-01
9.994390994568558284e-01
9.994155035325886782e-01
9.994926217707185145e-01
9.995359857119197056e-01
9.995584995252775329e-01
9.995336863648487391e-01
