5.491192030589670139e+03
7.000632748976284347e+03
7.013791462324437816e+03
7.027159536020860287e+03
7.024801178857154810e+03
7.023689556688554148e+03
7.025227974894385625e+03
7.023532820576197082e+03
7.024946982668745477e+03
7.026465958507759751e+03
7.026413529378936801e+03
7.027351454139016823e+03
7.026956577697063040e+03
7.028179083400356831e+03
7.027394747456793993e+03
7.027587437175205196e+03
7.027564756430901070e+03
7.027664430415097740e+03
7.027645724238996991e+03
7.027640481914002521e+03
