5.790331153485787581e+03
7.004562252543119030e+03
6.995605172485640651e+03
7.020979700089214930e+03
7.025070014585008721e+03
7.028307511647816682e+03
7.026379270003539204e+03
7.023107691429476290e+03
7.022442697022485845e+03
7.022642307311848526e+03
7.023014097856521403e+03
7.023749819675351318e+03
7.024480699737872783e+03
7.024648933994960316e+03
7.025100897858367716e+03
7.025070336897134439e+03
7.025713473022859034e+03
7.026617727305234439e+03
7.026706084488569104e+03
7.026987677992553472e+03
