1.935302121602922853e+04
6.654484728787615313e+04
3.716725922617539618e+04
3.750946249775404431e+04
3.763067622121262684e+04
3.744997144092017697e+04
3.748398756345119909e+04
3.751842124749790673e+04
3.744759997662973183e+04
3.746590286451546854e+04
3.746638061542728974e+04
3.752984592961315502e+04
3.757227717412374477e+04
3.754568931315580267e+04
3.756296712387280422e+04
3.756472086204303923e+04
3.759474306031886954e+04
3.758762790830620361e+04
3.758330773572342878e+04
3.758230308420949586e+04
