1.874992787950317506e+04
6.374377172147992678e+04
3.670902134091004700e+04
3.739001543095716625e+04
3.733659586217736069e+04
3.740320982948736491e+04
3.750945228174288059e+04
3.751207892359157267e+04
3.754098793953714630e+04
3.753699426027603477e+04
3.766417656330327736e+04
3.779048358322136482e+04
3.775100517919033155e+04
3.774784481297583261e+04
3.767646890788343444e+04
3.766160353522997320e+04
3.774583405469516583e+04
3.770809994945381186e+04
3.771191538869444776e+04
3.771034288617401035e+04
