1.105164070476478445e-02
3.264459239704115001e-02
4.928009783631753793e-01
6.520114250081585627e-01
7.096837038219111493e-01
6.735524593856053732e-01
6.593165170006700659e-01
6.429330565882566129e-01
6.641781367129903080e-01
5.371441255440976281e-01
4.046471182765507546e-01
6.084017744636488478e-01
5.835524514725519696e-01
4.842861866566960383e-01
5.433974564419558062e-01
5.650823641233158057e-01
5.706641640051134390e-01
6.367130265338620809e-01
5.846992893340182684e-01
5.049917514925745810e-01
