3.381058892194496387e-03
5.426794300448656815e-03
1.685808472035621175e-01
3.682897835951528531e-01
1.261328505239981690e-01
3.622469215510847329e-01
2.329826973308908866e-01
1.111239594128071578e-01
3.468121837111514116e-01
1.888952318925892770e-01
3.688061560574427133e-01
3.547840726496214736e-01
1.497113992593512022e-01
2.246567663811166460e-01
2.014513663670519095e-01
2.795614294635988539e-01
1.431499537599616734e-01
1.780633980964872742e-01
2.511619314418130910e-01
1.960448112810971311e-01
