3.980046581388185095e-03
1.424058601519974203e-03
2.332977242721047950e-01
2.540269273856531895e-01
4.061922755980512112e-01
4.559496519939138515e-01
3.456041195732796334e-01
2.815904298490124469e-01
4.071935869283144216e-01
3.853672188988516156e-01
3.117307324328960627e-01
4.100203721488742681e-01
3.900826918364235230e-01
3.497316672949556948e-01
3.691177085042180450e-01
3.241672682174225884e-01
3.548895753752195348e-01
3.163577547327968698e-01
2.787235781241204080e-01
2.638664532925096839e-01
