3.116043022631557959e-04
3.026911674902069312e-04
3.488766161176512807e-04
1.341915320604617108e-02
5.242303790203973329e-02
4.419597474184536745e-01
9.193615683704234876e-01
9.735773709177222290e-01
9.835019908449179615e-01
9.877697434021084355e-01
9.901416164947762777e-01
9.916499850002065131e-01
9.929589883171875409e-01
9.936300185325492862e-01
9.945987542908937273e-01
9.950247584833984416e-01
9.955153957489661920e-01
9.959865672146880344e-01
9.962414565497911267e-01
9.966318521216778192e-01
