1.162967417476960873e+04
1.344331987628258139e+04
8.286090305966080632e+04
1.091882081117937778e+05
1.057458331180090318e+05
1.071608350108485320e+05
1.082417404012819025e+05
1.085122549681943638e+05
1.090181854595350014e+05
1.091500450184082001e+05
1.092819090779130638e+05
1.093802736590983404e+05
1.094652591323678935e+05
1.095193922652872861e+05
1.096110727117073984e+05
1.096873899843057588e+05
1.096997087480533810e+05
1.097096369296994380e+05
1.097458915085828485e+05
1.097741438762118778e+05
