6.338441721483408821e-04
1.537205437968127081e-03
1.952129429877571621e-03
7.217400177937985210e-03
1.722588409168112622e-01
8.114014321931226625e-01
9.670026087061746045e-01
9.802436020708099607e-01
9.869727918329929128e-01
9.898713943007313443e-01
9.911054985940452866e-01
9.920521861219411264e-01
9.934776688271571565e-01
9.943321564315452665e-01
9.949143526944661531e-01
9.954373259655516781e-01
9.956601070589513602e-01
9.960182380599538199e-01
9.964548768623497921e-01
9.967016432620787736e-01
