5.842186442259007274e-03
2.817229562820855546e-03
6.003024212774608730e-03
2.245065651007384366e-02
2.673824595922666969e-01
8.699354291832469555e-01
9.819013529450920652e-01
9.901005102202123931e-01
9.931031198700941420e-01
9.949163602364632375e-01
9.959945904275110395e-01
9.967172324083707347e-01
9.971376048140996318e-01
9.972700108651163520e-01
9.976477251986891615e-01
9.977180349970188322e-01
9.980008398065107755e-01
9.981586469539724948e-01
9.983361950463642831e-01
9.984060959791026812e-01
