1.639422670063123014e-03
6.695921801036732899e-04
6.151869328295512217e-03
1.016897854579354790e-02
1.457982464199170103e-01
8.355850968007683122e-01
9.668446275979810656e-01
9.798450772238918027e-01
9.869144589285766545e-01
9.889380548864219467e-01
9.908356222162574278e-01
9.920025058963334308e-01
9.935894932663906776e-01
9.944160531261528879e-01
9.951775782300601447e-01
9.955829015193107256e-01
9.959627214090018832e-01
9.963318712063201632e-01
9.967181751084310815e-01
9.968743363492380549e-01
