1.063780746539901793e-03
4.714843331398256739e-03
6.808650565381398458e-04
2.138777101746285395e-02
3.268538127942148264e-01
9.014125594412262243e-01
9.678346474986787573e-01
9.823920006337832911e-01
9.870497857431026478e-01
9.893989402367513453e-01
9.916098770907519899e-01
9.932657833723077534e-01
9.939742021041063635e-01
9.948575070145664334e-01
9.952330896126984072e-01
9.958607769396258247e-01
9.961241545060127711e-01
9.964600017211766581e-01
9.967260530826983489e-01
9.967667086910482199e-01
