5.298536769208260847e-03
3.194426022675235510e-02
4.945289585507210428e-01
8.261792534301961588e-01
8.489190025451281985e-01
8.554464142927270531e-01
8.537646819949789023e-01
8.539900249672344179e-01
8.553360872988409191e-01
8.432528284450949707e-01
8.522554835471249923e-01
8.497475582219243817e-01
8.472103870342034826e-01
8.557434060419361055e-01
8.266455196135803485e-01
8.550335997680545974e-01
8.617850050451276722e-01
8.643739108743963007e-01
8.451632338532359956e-01
8.549453080204894029e-01
