2.242930643670642144e-03
3.646380932693055188e-02
4.663357593341648233e-01
8.434815275722471473e-01
8.633792628000434011e-01
8.695702893782633058e-01
8.724206080110383787e-01
8.769036425506964161e-01
8.585329881946486275e-01
8.643784125968038135e-01
8.602156907636274719e-01
8.411449774652710598e-01
8.669208716056271413e-01
8.727327571602152556e-01
8.505047900092801427e-01
8.758047771407626580e-01
8.702557675770262735e-01
8.598178007502518261e-01
8.385667304545463274e-01
8.472359859764115875e-01
