1.956515507850639830e-03
1.014827058507846401e-02
3.749560500095621696e-01
6.778791965484932680e-01
7.150731947224546747e-01
7.069097894900444601e-01
6.195545550293628523e-01
7.062746520070578571e-01
7.113666996680283461e-01
7.068433081592827572e-01
6.880552797016644684e-01
6.904370733988790532e-01
6.749708648959948931e-01
6.999492609902541185e-01
7.187904598659071720e-01
7.003984872356462388e-01
6.829792941931750461e-01
7.176428964171983615e-01
6.832698295411925304e-01
6.895248091333039397e-01
