7.527699175766419757e-04
1.077748674794849239e-02
3.431639799196061213e-01
6.751750968504298678e-01
7.319189355400589347e-01
5.612970026221987263e-01
7.208498580646491849e-01
6.829954563669107248e-01
6.377551242025653044e-01
7.071646205337837054e-01
7.163769797584307319e-01
7.108497538527082105e-01
6.953101635495887445e-01
7.133524554621570868e-01
6.910822296835491541e-01
7.023421313883501105e-01
6.617930708097968795e-01
7.087373098219296175e-01
7.061865932543064384e-01
7.195131797406255636e-01
