1.642909683356486104e-03
2.477184696377406417e-02
5.204942242048370415e-01
8.370358371156740862e-01
8.520853768680832774e-01
8.616513256363500517e-01
8.613588399461514777e-01
8.659489580887356208e-01
8.575165813961186378e-01
8.427043631002729684e-01
8.573186656158263697e-01
8.565554054777180237e-01
8.460596222009614253e-01
8.706771022618057243e-01
8.574613737758316478e-01
8.550705398632053589e-01
8.681933854054825206e-01
8.644542361402142161e-01
8.667513291150233945e-01
8.730849351876257547e-01
