9.720851105937482715e-04
2.716576331680249368e-01
8.361290946180303107e-01
8.455315448408686763e-01
8.483299614595996019e-01
8.467745785711912054e-01
8.491043196130216852e-01
8.462427310184763574e-01
8.465659654599058115e-01
8.478271289067615957e-01
8.455906891816563631e-01
8.473802584280695216e-01
8.488082932970012484e-01
8.508102022873877956e-01
8.496337209824876835e-01
8.445569506598704645e-01
8.485882644742825942e-01
8.424599065584255086e-01
8.496202101757411862e-01
8.470486117381053059e-01
