6.836662803699859978e+03
7.005987394629991286e+03
7.015126353883739284e+03
7.023937424489654404e+03
7.030153227574337507e+03
7.035115617553199627e+03
7.030214842189783667e+03
7.036642805035046877e+03
7.025374149621275137e+03
7.028111272844432278e+03
7.025325208151482002e+03
7.024409047069032567e+03
7.030845250673868577e+03
7.029850109100563714e+03
7.030425270305750928e+03
7.032405499953176331e+03
7.032142887624361720e+03
7.031765893437673185e+03
7.032474148272843195e+03
7.029570410959882793e+03
