1.023666356308119410e-03
3.047991643672020023e-01
8.430767410053108257e-01
8.423971627644174509e-01
8.455092156539251169e-01
8.478723181099152573e-01
8.477954511231171608e-01
8.468781413004914382e-01
8.480827899570219097e-01
8.454461716579840802e-01
8.449391887086045161e-01
8.458474680164367321e-01
8.483682880338386800e-01
8.468332036603438695e-01
8.463399160874529592e-01
8.504313506741988382e-01
8.510697191481635393e-01
8.482841911639514842e-01
8.496021321755922173e-01
8.467000331272213076e-01
