4.344678178399643912e+03
6.883144733313734832e+03
6.992500573976386477e+03
6.997785255828151094e+03
7.003695236232611933e+03
7.004187312384252436e+03
7.016154664405511539e+03
7.020128897172578945e+03
7.018490813935377446e+03
7.013436311135335018e+03
7.017180117458016866e+03
7.017878480415837657e+03
7.016382031276389171e+03
7.016524511015370081e+03
7.015596511252238088e+03
7.012566797848583519e+03
7.012232253617256902e+03
7.013159075747772476e+03
7.016557617910621047e+03
7.016488622904214935e+03
