2.475318105236060540e-03
7.696455573302607434e-02
8.208005607103844303e-01
8.453557931894664090e-01
8.504621004779401305e-01
8.475530888380318206e-01
8.473405289660628226e-01
8.490125448643633943e-01
8.540417427027180430e-01
8.502687048513820622e-01
8.456245778230779830e-01
8.475368226183837006e-01
8.505198795694539626e-01
8.463811805426533219e-01
8.471996555388389138e-01
8.459079760657849389e-01
8.470728307219608233e-01
8.477319563585330453e-01
8.457674054398792718e-01
8.497236436940609483e-01
