6.212725815030139404e-03
4.744685556959850614e-01
8.759066094079368536e-01
8.827610452727344681e-01
8.800432778943486634e-01
8.828149515565030248e-01
8.854085396586919288e-01
8.787957669973128771e-01
8.839031840220945568e-01
8.800722562562028894e-01
8.775206564946277377e-01
8.836591875614691061e-01
8.819645572187346794e-01
8.793877689905706951e-01
8.797945357620223783e-01
8.825401964572678892e-01
8.808837213967476432e-01
8.815993466206500928e-01
8.801015773278419996e-01
8.825116821204792572e-01
