9.578736680416956006e+03
7.002602345956702266e+03
7.033580529032787126e+03
7.028591674100357523e+03
7.040687935935144196e+03
7.018055291092478001e+03
7.018473402216869545e+03
7.025346948477672413e+03
7.028755388524106820e+03
7.036016181933601729e+03
7.039177773558899389e+03
7.040878083695313762e+03
7.043417141826063016e+03
7.044470389346575757e+03
7.043286379867761752e+03
7.042521586406315691e+03
7.039934110583592883e+03
7.039413918334416849e+03
7.038127124795950294e+03
7.034955848360160417e+03
