8.103055561590183711e-03
5.520524205556075481e-01
8.711141644604691869e-01
8.792120220479084924e-01
8.838749130240263208e-01
8.801391697005256365e-01
8.780088393068772312e-01
8.846622015753986545e-01
8.797030192671038140e-01
8.816341889652218322e-01
8.821726568851653294e-01
8.784368747899345964e-01
8.778395545653315812e-01
8.793313431722797890e-01
8.788204844459471810e-01
8.849788242325201670e-01
8.819496598157328116e-01
8.818730248905107816e-01
8.843858887393295509e-01
8.829304068784810111e-01
