0.000000000000000000e+00
2.558027364982635721e+00
2.434928335701072033e+00
2.604470003666774947e+00
2.651015654423791723e+00
1.837152178219265464e+00
2.230447172655059873e+00
2.012585489724330490e+00
1.797380605572190371e+00
1.489159993281737870e+00
1.622622538843354612e+00
2.075930539212853088e+00
1.656057560875829449e+00
7.709599095877617270e-01
3.254403580574631305e-01
3.647932111480243211e-01
5.594855656933058752e-01
1.606892476199018205e+00
1.269075563488771596e+00
5.739433273065487340e-01
