1.039402282237636942e-03
5.092814137201501223e-02
8.322479474564521418e-01
9.357253204879315556e-01
9.366106783194564356e-01
9.384261925759601608e-01
9.356679152624789442e-01
9.392331304622838495e-01
9.383061237141580024e-01
9.394605861262412816e-01
9.377639250383372760e-01
9.390446617622422165e-01
9.363707429183505404e-01
9.378232743416485828e-01
9.384198832218472175e-01
9.365068485300922507e-01
9.366008498350475442e-01
9.374370486176671902e-01
9.394063949641296984e-01
9.377124864837186324e-01
