7.251222449187024258e-04
1.150203148376620008e-02
7.028670256302452790e-01
9.004751821722628558e-01
9.033312294144489885e-01
9.047005308071368601e-01
9.063706331812700911e-01
9.056542237201221646e-01
9.077990684373868913e-01
9.081743729666647003e-01
9.081472397207737135e-01
9.071496906929479298e-01
9.068390985812575522e-01
9.037530936111786151e-01
9.075535250595118120e-01
9.095661585108757441e-01
9.054563314551781206e-01
9.103047613216046496e-01
9.090261585056816918e-01
9.085828529943666965e-01
