8.084573414868189128e-04
3.208379545965760193e-02
7.836734684462232092e-01
9.003571220609872805e-01
9.071079564593726996e-01
9.066048918436638848e-01
9.064487259303997124e-01
9.074046266996502741e-01
9.074014130079557372e-01
9.068324370051572547e-01
9.044269932416919566e-01
9.067491645816815327e-01
9.072892315232490290e-01
9.057366284607977214e-01
9.053091166217172026e-01
9.105917397130084412e-01
9.078258371701042329e-01
9.088347286543970727e-01
9.091922456895267235e-01
9.092178101299259740e-01
