1.618188952634576480e-03
1.541791979686796543e-01
8.644322862728500700e-01
9.342610624919098772e-01
9.377406770933661706e-01
9.398394939153943417e-01
9.399373632746026441e-01
9.378529613532305964e-01
9.403613221834399294e-01
9.383729260994294608e-01
9.394581290676686791e-01
9.408723467239475946e-01
9.379088807778902526e-01
9.390868552881488363e-01
9.385687978282202248e-01
9.413874888593370960e-01
9.407507098866763062e-01
9.387701344556388383e-01
9.390024646629224758e-01
9.376318692914441533e-01
