2.051910789028363797e+04
3.127567322088925357e+04
3.081966197753140659e+04
3.091058317951696517e+04
3.092108409369306173e+04
3.095057746826736548e+04
3.095547644919986124e+04
3.097778760259902992e+04
3.097752265594592973e+04
3.099215365510629272e+04
3.096832678100635894e+04
3.097596065463534615e+04
3.097596152903312395e+04
3.096559612166773877e+04
3.096063541299724602e+04
3.097211138976565053e+04
3.096405833838056787e+04
3.096541687848131551e+04
3.096634465030693900e+04
3.096129707830568441e+04
