2.394504393758132860e-03
1.282998278321405838e-01
8.149101021063590577e-01
9.352275291888786368e-01
9.357195353130526305e-01
9.376339255386214599e-01
9.370230161400657787e-01
9.368667766098468519e-01
9.351873272434084727e-01
9.373369383657802478e-01
9.364007338127072755e-01
9.361467357442412318e-01
9.375902062929492020e-01
9.380842896677188403e-01
9.391241304897203213e-01
9.381881759032987267e-01
9.384436628649699408e-01
9.362463655377265548e-01
9.383126983565786006e-01
9.383178614894277514e-01
