3.851441937216299621e-04
3.279632476096131649e-02
7.904750514746212708e-01
9.055912874273354118e-01
9.078289697542685222e-01
9.089148226688782417e-01
9.079525882758513466e-01
9.066701004784387674e-01
9.062992196830832459e-01
9.035146072979083343e-01
9.047630963326553921e-01
9.083181357775463871e-01
9.067586625736240302e-01
9.085394432299190859e-01
9.072317392535340641e-01
9.078734644330112014e-01
9.070752429680782880e-01
9.070376272064505363e-01
9.089633215481088824e-01
9.049466239306755977e-01
