2.506141390351256705e+05
7.423800453317646316e+03
3.491771677985501447e+04
7.422090176741807954e+04
9.857437466774924542e+04
1.065678677384046605e+05
1.070394811385046341e+05
1.087585221722912247e+05
1.091856578040950990e+05
1.092087298362597794e+05
1.094199632846569875e+05
1.095526869714149070e+05
1.094987730566984246e+05
1.096867308797764563e+05
1.095281752373495983e+05
1.095007785789380141e+05
1.095184752335093945e+05
1.095512270269318542e+05
1.096772454831494542e+05
1.096271337618350226e+05
