4.079707328093080932e-04
3.512394278847866518e-03
1.271717486179051518e-02
1.433524779615466815e-01
2.816745872708543152e-01
9.132225261300826180e-02
4.601281370631801204e-01
3.488897274861493814e-01
1.082395927859705342e-01
3.282903829745210667e-01
3.245178253894739906e-01
1.907605459317711361e-01
4.552969548563938762e-01
4.628027526358413635e-01
3.162317812296383535e-01
9.486415381689693171e-02
4.367397379064241192e-01
3.867633683631983010e-01
3.366039593868304647e-01
2.383366424300107644e-01
