1.172148281508798964e-04
4.129166114732575415e-04
2.605044046550339387e-02
7.269475758761755058e-02
5.530786233873605795e-01
5.545781338454738307e-01
7.102017540877820778e-01
4.853584634502555173e-01
3.715030288146354831e-01
7.062571308514652424e-01
6.444117764134759119e-01
7.153141662479554075e-01
6.850080832902810668e-01
7.233684499781770638e-01
2.549608801175036188e-01
7.532125495024122319e-01
7.240269985365707095e-01
6.861592301466170607e-01
5.537968737496281602e-01
6.562269669117878346e-01
