3.326701007953700249e-03
6.240599213723630259e-03
7.009291768255845184e-03
4.332776431227747943e-02
5.815447753444983325e-01
5.753275009129977802e-01
6.011308326563735704e-01
7.492221858816390245e-01
5.384400734255651022e-01
7.593125514929794928e-01
6.104363779445721727e-01
5.760121232961095128e-01
6.891954426412764123e-01
6.597687330942745287e-01
7.220662777077505590e-01
6.566299119338439017e-01
6.900865848952405512e-01
6.539675915675572382e-01
6.782812113675329435e-01
5.519143245155307964e-01
