1.080555555983045164e-03
2.044762606545481257e-03
5.129741882370629849e-03
3.920182418240990285e-02
1.821904387479619525e-01
3.939305350480188372e-01
2.399506746904703502e-01
9.737626328798286435e-02
4.643011835957879252e-01
6.301965108299978358e-02
3.214712543070250561e-01
2.661335736586424305e-01
3.129642181331426798e-01
1.963444306747231527e-01
4.173588053419881594e-01
4.165535308963178029e-01
4.019948323687282388e-01
1.317898840394241544e-01
4.294232323386569239e-01
4.424963996457837445e-01
