1.757750461817422774e+03
1.630735844539346090e+03
1.619799692182941044e+03
1.620210279372450259e+03
1.616869134573281599e+03
1.620389535858864974e+03
1.620053862463138330e+03
1.619741421954546013e+03
1.621828421001544257e+03
1.622376897481937021e+03
1.622176595861629949e+03
1.622763924709354797e+03
1.623741455019629484e+03
1.625838723881724491e+03
1.626176463346393348e+03
1.625568497180784561e+03
1.624145119836468893e+03
1.622906023766854787e+03
1.622797142789499048e+03
1.622661435012911170e+03
