4.580141762389998710e-04
8.487028403462103243e-02
7.559646895629763552e-01
7.933711072024292044e-01
8.117767490430082278e-01
7.880305585468867502e-01
8.031631405810982782e-01
8.070478381533123802e-01
7.757360077419311883e-01
8.107933195721039876e-01
7.547807086825580880e-01
8.180406858304202222e-01
8.048492384944526679e-01
7.633607288950507996e-01
8.167595525466683215e-01
8.035972963988166073e-01
8.050669754984294268e-01
8.100958993180626955e-01
7.380648840276202716e-01
7.562327010551554984e-01
