1.470617450592575856e-03
1.858213961292888017e-01
7.830757106939552070e-01
7.624972382070941412e-01
7.618164774007197826e-01
8.315424510788167467e-01
7.377394156565190153e-01
7.809178105197538411e-01
6.980004250300646529e-01
7.654641902382560703e-01
8.340053625728613973e-01
7.861229638751581206e-01
8.139234684117111485e-01
8.189640677847065398e-01
8.180008000524654488e-01
7.557808650791386640e-01
7.625528086475241718e-01
7.632184562677000184e-01
8.389012951723231470e-01
7.734635390231077157e-01
