1.299931487997167028e-03
1.853199052613623832e-01
5.331881473012012318e-01
5.781640197232287282e-01
4.948704200036676548e-01
5.666421825609182505e-01
5.445325576572772608e-01
4.171224220343600075e-01
3.044701123301324364e-01
1.493977522342872510e-01
3.666602889538619348e-01
6.231279422869439033e-01
4.688707725999317066e-01
6.217568649345114329e-01
5.298535006509939027e-01
3.211654816119735578e-01
5.681100129063002546e-01
2.015721454300622995e-01
4.337644666720309461e-01
4.406203986033453424e-01
