1.302933251889470609e-02
4.889236597147644803e-01
7.728358004209984200e-01
8.117679761125411453e-01
8.093158888378905180e-01
7.225721319166961143e-01
7.807163363981589610e-01
8.104186889367642754e-01
8.091097773423384654e-01
8.158494055601113182e-01
7.797430913641095751e-01
8.198887559211492926e-01
8.030571238281475344e-01
8.230089643655914555e-01
8.042571558473619042e-01
8.040637128224613628e-01
8.075149143318016698e-01
7.915601379562131612e-01
7.275518560036072779e-01
8.296414465177202047e-01
