1.378001132708003297e+03
1.633832317080747544e+03
1.643263868736990389e+03
1.635208292495523665e+03
1.625358086409319412e+03
1.623370596878124843e+03
1.621270658980027747e+03
1.624372236665406490e+03
1.624022681774424200e+03
1.624011812892096259e+03
1.626513001013194526e+03
1.625273577373272246e+03
1.624363989903011998e+03
1.623961242572671154e+03
1.628560277710602804e+03
1.628562570619802273e+03
1.626556876398637087e+03
1.626448312023237577e+03
1.625388136580411356e+03
1.625469937432841334e+03
