9.519116822894497091e+03
2.180457046369800446e+04
3.487189495439053280e+04
3.507364080296847533e+04
3.528749502966887667e+04
3.551858185792474251e+04
3.591669281490654976e+04
3.591392697944511747e+04
3.613386590206378605e+04
3.643252850424765347e+04
3.636219580032583326e+04
3.636629270879574324e+04
3.637001904515213391e+04
3.637615892949562840e+04
3.642972730872922693e+04
3.638870291234086471e+04
3.652289790457927302e+04
3.653718873380396690e+04
3.652855835315710283e+04
3.650779527700695326e+04
