1.486496260934796522e-04
1.365584392963938335e-04
4.436915156456080339e-02
8.953851619399187667e-02
9.356267396544815096e-02
1.680901379004854923e-01
2.197939986202893103e-01
1.327769579501708770e-02
1.634673387482926399e-01
2.203758222909562026e-01
2.708963857613618242e-01
1.319599221402431299e-01
2.319021917334448957e-01
5.739539065521771788e-02
1.554579540673911853e-01
1.149488366278750631e-02
1.527399315772367747e-02
8.870542901293873572e-02
1.795308748250824538e-01
3.102901654596260800e-02
