2.480647337408866792e-03
8.392175888210305634e-03
1.371633572812303858e-01
5.420459112564306459e-01
5.669797203383659667e-01
5.937206875294392949e-01
4.223699108744483066e-01
2.866426775005064820e-01
4.551995935607162647e-01
4.766520116294757359e-01
4.194447588582629893e-01
4.746412340024732668e-01
4.260141993440448860e-01
5.378167541099769799e-01
3.275529971723211697e-01
4.746050498453233679e-01
5.351944397616233973e-01
5.596947817397089908e-01
5.575462313992041175e-01
5.719376672145422003e-01
