1.656769430788621457e-04
2.304978919237935019e-04
1.388553502275719550e-03
1.813849911989122779e-02
1.503333020376264595e-01
1.818239878874592097e-01
2.223296832788559246e-02
3.473741883281338677e-02
4.666126416937380755e-02
1.215124150206352005e-01
1.260397178749113611e-01
1.044166322771437200e-01
3.233335798965226715e-01
4.253554712059180037e-02
9.156675130262749429e-02
5.059758193490788286e-02
2.078335223924654158e-03
2.229058198903075827e-01
1.648003488768040592e-01
1.534549555165535539e-01
