2.551045972341985180e+04
3.831131388365336898e+04
3.613081134813146491e+04
3.545308147255116637e+04
3.556741338622228795e+04
3.587148494025244145e+04
3.604177022843081795e+04
3.614096809861491056e+04
3.617458366602742171e+04
3.616492569694903068e+04
3.629473313041221991e+04
3.631975212027631642e+04
3.630968906494674593e+04
3.652090743341830967e+04
3.641431633707406581e+04
3.635973441226363502e+04
3.650945077138072520e+04
3.647388402151448827e+04
3.646672465171706426e+04
3.641498748542356043e+04
