9.098686705205564067e+03
3.048702179404290291e+04
3.574027512404643494e+04
3.603598391294037719e+04
3.726166401494541060e+04
3.639498734859040269e+04
3.617198836256625509e+04
3.607227259612885973e+04
3.613443413671444432e+04
3.612613320959667180e+04
3.603300429760880070e+04
3.605254196468347800e+04
3.616224067575048684e+04
3.615452107105645700e+04
3.621138149783513654e+04
3.623198157864953100e+04
3.624652826027902483e+04
3.626420921012404142e+04
3.630708946330508479e+04
3.624774709426277695e+04
