5.318256415064836606e-04
3.331191496365158451e-03
2.665672543361680483e-02
3.811088921274401187e-02
1.707700900102921693e-01
7.770929961335512615e-02
4.463964761081660321e-02
1.495747890818525938e-01
1.983466610808194142e-01
1.731943913324685835e-01
6.298001375991171824e-02
2.586773000365139019e-01
1.383193945040646633e-01
4.732183418442918038e-02
1.588921034307861357e-01
1.208587339019542989e-01
1.515247942850150020e-01
8.357171566985154010e-02
7.033739946467747195e-02
8.786277241911863434e-02
