9.406194871481217152e-04
3.743080802586317909e-03
4.560392202936086603e-02
7.076230551804357782e-02
1.493846531881100892e-01
1.202136383996769003e-01
1.823818966033945166e-01
2.138007984887745072e-01
5.774987289035131421e-02
8.413175580255714825e-02
2.550188389621623752e-01
7.396149861023021410e-02
1.670609096679088190e-01
1.886683844497536178e-01
5.370461498652329482e-03
1.746285953908071342e-01
9.064769009545224632e-02
2.361068793966545065e-01
1.492261980624580153e-01
1.176507943328604228e-01
