3.728856521691555309e-04
3.739066888852014652e-03
1.016195586764480525e-02
4.225348759819814136e-03
2.071968846587667612e-01
1.174755561574352264e-01
6.291925986006634275e-02
1.224102143759794037e-01
1.229841069409898149e-03
1.699473239120024293e-01
2.284324163551124803e-02
1.217794182435125994e-01
3.375201285084945130e-02
2.206625305585469543e-01
1.381703572062808749e-01
2.114366685647227906e-01
1.285099792386145690e-01
1.196784419095165836e-01
1.613950900353310347e-01
1.040825818535755232e-01
