7.418785583257035796e+03
6.715288257443830662e+04
3.371627979136013164e+04
3.588347078640729160e+04
3.592192980607054051e+04
3.632456144462367956e+04
3.614902025909872464e+04
3.622277296003080119e+04
3.659954695416105824e+04
3.630647343345700938e+04
3.652470538495655637e+04
3.653692916278870689e+04
3.658679940782407357e+04
3.672990959037733410e+04
3.670322674067387561e+04
3.698905663935492339e+04
3.687074643792337883e+04
3.686769173158374178e+04
3.679805686082024476e+04
3.677559999442232947e+04
