9.383135428218034576e+03
2.694127238426377880e+04
3.479596199196286034e+04
3.554689774342363671e+04
3.573615745665004215e+04
3.588994871759611124e+04
3.584645180559246364e+04
3.599687521122170438e+04
3.656346754313085694e+04
3.640201018050647690e+04
3.639385033736992773e+04
3.634663924532750389e+04
3.638413354743339733e+04
3.633547296662424924e+04
3.679655074725385930e+04
3.642111217787322676e+04
3.650566588973329635e+04
3.650704727059837023e+04
3.645582760157259327e+04
3.646027899612913461e+04
