5.298279982423591836e-04
2.325447172017032580e-03
4.406901270399515153e-02
2.006016815766847317e-01
1.851447840792061761e-01
1.034743684671432171e-02
1.623644415279119069e-01
2.362909267309976427e-02
1.411553522026879996e-02
1.394045635549134576e-01
2.701855796285206057e-02
9.221512120274888424e-02
4.841339997425850306e-02
1.121607571147582166e-01
6.345893471643036278e-03
3.273172685806709226e-02
7.381675109381856392e-02
2.631409399105609156e-02
2.441051093362601575e-03
3.069800336734654356e-02
