1.031984849988605818e-04
1.689516592941619371e-04
8.517003476925003383e-03
2.491752091265274274e-03
2.070676601366702729e-02
2.876158271276446632e-01
7.846899563795644017e-01
8.639465978997651341e-01
8.396721057145587475e-01
8.656338358916136899e-01
8.346005027727595449e-01
8.436008066156772678e-01
8.540513409469325801e-01
8.616784314585111959e-01
8.360762803241053032e-01
8.632901376416582950e-01
7.425427381808137328e-01
8.390823104231118768e-01
8.618358357506636924e-01
8.579504783408249402e-01
