1.077718794538049321e-02
3.847932959637305906e-03
4.056028409569809208e-03
1.368176508044350453e-02
1.174365327092048439e-01
6.142975694352911242e-01
9.183015509151739586e-01
9.359383899500186565e-01
9.389815578271233365e-01
9.431897618953725138e-01
9.431165255867072217e-01
9.425496998514906188e-01
9.331490584713277858e-01
9.448786086490736924e-01
9.451951172626125164e-01
9.452061562773873549e-01
9.453745349724126390e-01
9.486036263157785475e-01
9.424503256503112825e-01
9.474824131729639998e-01
