1.071393483663620784e-02
3.584687719226587171e-03
8.746388360197391784e-03
7.020175390382488514e-03
2.589612783847728417e-01
8.160453256427382396e-01
9.306736452624670974e-01
9.305392363118195620e-01
9.332582380880736217e-01
9.413479491621827844e-01
9.421323979973600382e-01
9.393172461385713712e-01
9.412732681772572052e-01
9.491765456017698943e-01
9.414975258931718161e-01
9.131680020867403158e-01
9.213104628589734446e-01
9.470364094578217484e-01
9.422249838757549290e-01
9.472210494517263601e-01
