5.513487223073295154e-04
3.355044593151244869e-03
4.497523204802693700e-03
1.066161781475747673e-02
7.618052240678788167e-02
5.474063274604216156e-01
9.089632791743210705e-01
9.339020041311886233e-01
9.294122607094438271e-01
9.407388143280890347e-01
9.360463727306660431e-01
9.379354353807607403e-01
9.460638970533581382e-01
9.366653581448701749e-01
9.370079114980696122e-01
9.413976887916937208e-01
9.338281568807439426e-01
9.222115316336912949e-01
9.483204301996888130e-01
9.347877240531184961e-01
