8.821862744699554241e+03
1.849683464141475270e+04
6.538213577944486315e+04
9.616600654610761558e+04
1.031958315428063361e+05
1.056834835951057030e+05
1.071331045189969009e+05
1.077615075221573788e+05
1.079715303523506154e+05
1.084193286349962291e+05
1.085709471622345736e+05
1.087140007570484595e+05
1.088631614284518582e+05
1.089783110254305793e+05
1.091088250888822367e+05
1.092045488051790744e+05
1.092738332629135548e+05
1.093313968317067047e+05
1.093732473658596573e+05
1.094463744740814727e+05
