3.977826779664479957e-03
2.342446663213799615e-03
1.194375684196848780e-02
3.868326736428106399e-02
4.307210448322313368e-01
7.998286907800499224e-01
8.374889358450093857e-01
7.830834908281073536e-01
8.534263152796360830e-01
7.842556765366754945e-01
8.612300743880458853e-01
8.615730119079677563e-01
8.736940637285491862e-01
8.694948795735260028e-01
8.358053937814385881e-01
8.466336966567619138e-01
8.623997251349838633e-01
8.523195729160168987e-01
8.726428588159339528e-01
8.521730113112390148e-01
