1.383111514203189654e+04
3.489486622012767475e+04
7.931530723644223763e+05
3.538895338071486185e+04
1.070545552866061189e+05
1.011691481921443628e+05
1.055202146013632155e+05
1.069162894601580920e+05
1.078884379049427516e+05
1.084471822140192089e+05
1.085833585710313782e+05
1.086903438801399752e+05
1.089376409131484979e+05
1.090433256231280975e+05
1.091602870786485873e+05
1.092570802147827344e+05
1.093499483852708508e+05
1.094389828418413526e+05
1.094864795832978125e+05
1.095053947677655960e+05
