1.094716798247668838e-03
4.028036103842043609e-04
3.768778465358290286e-04
8.680273831253903019e-04
1.175022989950651880e-02
9.807307397081518885e-02
5.979646157804435758e-01
8.359042903781709333e-01
7.973943359887259996e-01
8.554985024580572528e-01
8.533235066474582631e-01
8.116509512746159505e-01
7.534944771713499856e-01
8.604485588670118812e-01
8.486542025742134232e-01
8.526742731855434521e-01
8.708558075968360068e-01
8.573388966905141073e-01
8.848798981739041114e-01
8.674016174557644954e-01
