1.027457579230521930e-04
2.960878421596992356e-04
4.983336263662635447e-04
1.196858956511548215e-03
1.797602276547524388e-03
6.930381695026670980e-03
2.455731458291488256e-01
5.526220662956657925e-01
5.733618281504968550e-01
5.788681520903856681e-01
5.827734082114817138e-01
5.806872673282768016e-01
5.813291989745559274e-01
5.801701087834056914e-01
5.863458829226880775e-01
5.806948176760748925e-01
5.798183448441058818e-01
5.802183118708459375e-01
5.838121154907378596e-01
5.827789938954793802e-01
