1.202696272146136463e+08
1.692909329604113882e+05
1.745797769907133877e+08
5.812779252625734806e+08
5.179207256625008583e+08
5.369842707419091463e+08
5.383974015026192665e+08
5.426833214015513659e+08
5.435512412840955257e+08
5.429698795659743547e+08
5.435333954753136635e+08
5.441053142647706270e+08
5.439317972932709455e+08
5.444107641914318800e+08
5.442047357305762768e+08
5.445470441292748451e+08
5.450636439396229982e+08
5.451943461502832174e+08
5.448919845853943825e+08
5.442247381758193970e+08
