2.476710558259410727e-04
4.082774163610948743e-04
1.000901947418804437e-03
4.304928663667440848e-03
2.439291464886400324e-03
2.382877420379549832e-02
2.977927953769978209e-01
6.275700506948437285e-01
6.285066643535550668e-01
6.351477357350493458e-01
6.411889026864333596e-01
6.355057818712244178e-01
6.405448049022081092e-01
6.446147018607569779e-01
6.440354502201144360e-01
6.404939421921582721e-01
6.373619059014872246e-01
6.435117105909964330e-01
6.409630175792814244e-01
6.283230968482093060e-01
