2.102247265300394967e+07
3.259200919773984700e+06
1.306119405124753267e+08
2.915965112435922772e+07
3.472542397879348397e+08
6.431458458591573238e+08
5.103346547474371791e+08
5.335445052706879973e+08
5.405435481745764017e+08
5.407043508588223457e+08
5.427615448223609924e+08
5.420641784561928511e+08
5.431142222526741028e+08
5.433695138726527691e+08
5.441589827734844685e+08
5.440777759787178040e+08
5.443802065389099121e+08
5.449932475954672098e+08
5.453369410296802521e+08
5.458648036995584965e+08
