2.862422723295152496e-04
6.378837490856148311e-04
1.291804197923311387e-04
3.120325574665691192e-04
5.294469868012045919e-04
4.928599525232981761e-03
8.027239896134223673e-02
5.178387752287207935e-01
5.764304684873486906e-01
5.855102684792223844e-01
5.836413929463567518e-01
5.779290132551354597e-01
5.873613027950730370e-01
5.809581532071039778e-01
5.833845734163380925e-01
5.859954281246915198e-01
5.853196295405395100e-01
5.943359363658829997e-01
5.906623098137659955e-01
5.798880733486583283e-01
