1.247740993900178308e-04
1.566082613934772594e-04
1.884131727981094124e-04
2.236622845344279345e-04
1.268649045434317715e-03
1.946084335000743126e-03
2.118506286418345499e-02
4.153410102708222640e-01
5.704559926446745033e-01
5.790380805600195968e-01
5.794377248307415185e-01
5.814483727121915191e-01
5.838829651939628773e-01
5.860839975306531002e-01
5.870838749830464831e-01
5.849308118492205777e-01
5.838905972028072267e-01
5.788758924260963834e-01
5.790841746380996913e-01
5.856411028964269017e-01
