3.230563840425447865e-04
4.409149829582111242e-04
2.777311949737419107e-03
1.418204501472645042e-03
1.029776814861580250e-02
2.275973948302289218e-01
5.536532558102505996e-01
5.751209819351524866e-01
5.886030876340863083e-01
5.852849226332090815e-01
5.804759694609558096e-01
5.818561660708684302e-01
5.877365013412285677e-01
5.806533452029941644e-01
5.786381057167143682e-01
5.817601866290591506e-01
5.806093143677417689e-01
5.900122046439724155e-01
5.791204856147673663e-01
5.852484172781232674e-01
