1.278536689099761536e-01
7.921432142363029616e-01
7.935098007676459897e-01
7.929927880406479890e-01
7.929744319801612651e-01
7.935049264475441122e-01
7.931054906454479969e-01
7.933297027988069905e-01
7.936934170999511151e-01
7.929428877785019703e-01
7.925666064550409562e-01
7.933329782507201333e-01
7.934249429190443070e-01
7.930965736464904436e-01
7.931627684387864141e-01
7.930525905971387290e-01
7.930612582170469826e-01
7.931959466220211974e-01
7.934963337607408018e-01
7.934226127952928032e-01
