1.385933467443150668e+01
1.403448839484568111e+01
1.406338894470160739e+01
1.405701811637397647e+01
1.404682739117221857e+01
1.404293328754881109e+01
1.405311187053090194e+01
1.404347874794361672e+01
1.405249928063094167e+01
1.405199016883920571e+01
1.405382224886797893e+01
1.405798057435527504e+01
1.405441036631659024e+01
1.405226727375931262e+01
1.405547715586974000e+01
1.405482062124502285e+01
1.405433611693295148e+01
1.405556602060742755e+01
1.405675486623740866e+01
1.405763626762866458e+01
