2.461496417342281806e-01
9.763520138578287710e-01
9.800378985252919950e-01
9.808665089974549778e-01
9.781327812904959673e-01
9.718023082961516623e-01
9.805547448101690211e-01
9.758136321006188885e-01
9.766080801738550310e-01
9.703551578575739800e-01
9.750905430454602785e-01
9.789368920930981988e-01
9.789190130694344072e-01
9.788544591003690565e-01
9.796631696773393516e-01
9.808290288396470658e-01
9.736524928717182892e-01
9.804553776581730329e-01
9.768353712332146221e-01
9.813448372999028502e-01
