2.427836710905427187e-01
9.746799596767016238e-01
9.814628645500772519e-01
9.801945668269995693e-01
9.800606307457567778e-01
9.777813613987251795e-01
9.808160597245869639e-01
9.775415624573318141e-01
9.801512105379969197e-01
9.780689416398334890e-01
9.773355973546627995e-01
9.778312845866159453e-01
9.789051575589179377e-01
9.791473481775060383e-01
9.796301265084301768e-01
9.804608052668993823e-01
9.802010696827627712e-01
9.788801889089117081e-01
9.774354115571354251e-01
9.780997316269877118e-01
