2.461762021086374430e-01
9.665109019381765698e-01
9.820379820188458453e-01
9.508276619782810579e-01
9.665848872835380856e-01
9.731535293041239099e-01
9.749673102563536364e-01
9.761595929786652803e-01
9.731863358256994667e-01
9.778977097152740106e-01
9.714014849374378313e-01
9.713908334395899846e-01
9.780545595026788330e-01
9.786168908833955404e-01
9.792927606276254915e-01
9.719083877643510672e-01
9.734854896649189904e-01
9.761710928409665922e-01
9.762844053978961822e-01
9.777252660576057908e-01
