1.419094673309006360e+01
1.403020480725882280e+01
1.405077673539628869e+01
1.404882359070423625e+01
1.405446193616677952e+01
1.405703597108739444e+01
1.406102736931091357e+01
1.405515339444176881e+01
1.405386943568679925e+01
1.405710138043468760e+01
1.405870837769925252e+01
1.405653698923967276e+01
1.405818782767375374e+01
1.405989940464403176e+01
1.405376090916524312e+01
1.405160492914711057e+01
1.405114320221483126e+01
1.405150770590672238e+01
1.404986177134501801e+01
1.405033844191968662e+01
