2.456220210498134549e-01
9.679968998100360045e-01
9.793326362797903917e-01
9.815193457948390154e-01
9.803383706265557107e-01
9.804321082632166950e-01
9.797241439018850029e-01
9.802117603223385878e-01
9.777899818211063243e-01
9.810475757329168989e-01
9.817560730943540870e-01
9.772908465589084104e-01
9.801696652142060096e-01
9.814146456951952091e-01
9.758115000255286331e-01
9.795748150011859279e-01
9.810450900309674038e-01
9.804238312617532536e-01
9.805311953770985411e-01
9.609226118162099706e-01
