1.867057840590656548e-01
9.204113765964581084e-01
9.301204689392044145e-01
9.618014871424218626e-01
9.519112393247873838e-01
9.602992360466063859e-01
9.643476133243413795e-01
9.345386048271175916e-01
9.652335223297472400e-01
9.527774179735115645e-01
9.672492013624498508e-01
9.536451593285759643e-01
9.675187189620901851e-01
9.625497466411091496e-01
9.567031556508643897e-01
9.580551876562091174e-01
9.603171777209865700e-01
9.667894286830209793e-01
9.375669651644115143e-01
9.629166498952372866e-01
