2.482613259891175983e-01
9.812474708950671420e-01
9.788879359057545138e-01
9.768990785535914823e-01
9.817782702981707743e-01
9.798671833697150113e-01
9.792470205786844017e-01
9.823050924679199714e-01
9.761814813870571816e-01
9.804757879601291304e-01
9.671087665673300249e-01
9.793717283186881284e-01
9.813043579918745429e-01
9.766978738811660232e-01
9.778506419253668591e-01
9.781027032887600337e-01
9.794725612482374499e-01
9.814400760339586638e-01
9.806231149774221612e-01
9.689357039325189325e-01
