1.797685538467140298e-01
9.622732640833380202e-01
9.432003002393647417e-01
9.639429422345500154e-01
9.568733353934713026e-01
9.248591352625367135e-01
9.038549293479803959e-01
9.612095163041606272e-01
9.672010977186162872e-01
9.580256497809028771e-01
9.293709592572854117e-01
9.124744119256212871e-01
9.550808745136232236e-01
9.577533798411900223e-01
9.528716413180706724e-01
9.586251368513775128e-01
9.616907488146955174e-01
8.977700924496596624e-01
9.596980572344976368e-01
9.638502991270281317e-01
