4.203188231904784501e-03
2.983432843654593072e-03
1.688487667401446790e-01
8.935221529821101294e-01
9.198381527299245297e-01
9.223504178340776738e-01
9.249371243652351193e-01
9.271983344953327322e-01
9.297394336033938389e-01
9.255044539276657822e-01
9.292104720176114219e-01
9.301475103794979438e-01
9.303077285246094119e-01
9.306456684921353695e-01
9.308755140100708481e-01
9.298543946313164721e-01
9.311127062968448387e-01
9.298201418276994534e-01
9.284936161733684523e-01
9.322520737939021807e-01
