5.930950784803076196e-04
2.935000986342962276e-03
6.837380012765242876e-02
7.455246110519454517e-01
9.192924591889892749e-01
9.279647206010943616e-01
9.259407457007863274e-01
9.275362096326560390e-01
9.252102149182216406e-01
9.279235959364794395e-01
9.290467256288513775e-01
9.305599261593470173e-01
9.298079405657423413e-01
9.272055778458784259e-01
9.293856736242643857e-01
9.304608506066750495e-01
9.255253251938547754e-01
9.273628593906002582e-01
9.304811276177961110e-01
9.291141157864207800e-01
