4.865012797065411578e+05
2.606449016913731117e+06
2.268115754044577479e+06
2.612619831450692844e+06
2.684961588589541614e+06
2.690186985023463611e+06
2.693470423698880710e+06
2.699969639441887848e+06
2.704821513095098082e+06
2.708189516179542057e+06
2.708907123508467339e+06
2.708525577544702217e+06
2.709248838515370153e+06
2.709190084452793933e+06
2.709645058900829870e+06
2.710083063867033925e+06
2.710519795279771090e+06
2.709668336797668133e+06
2.710735342639679089e+06
2.711699428102023434e+06
