3.074183875254426091e-03
9.265646688458070278e-04
6.733290093034759172e-02
8.305196509015002615e-01
9.180359445588700540e-01
9.250860149628666873e-01
9.259269825164860857e-01
9.299983358813715961e-01
9.274141674817918402e-01
9.277161865516300177e-01
9.269016208604001772e-01
9.299577417098559007e-01
9.295855210650858513e-01
9.300425898123809709e-01
9.293478552237011137e-01
9.303913655737737765e-01
9.308751496213103493e-01
9.298540455600954324e-01
9.296111371661227585e-01
9.298011973720413659e-01
