1.418694354349871212e+01
1.395248467703174455e+01
1.386689514968959003e+01
1.388730472235716285e+01
1.390141467171150502e+01
1.392847666947634089e+01
1.391364189722769495e+01
1.392248937648126983e+01
1.390744573811386253e+01
1.392466142627424475e+01
1.392681154790852815e+01
1.393653046876298340e+01
1.393016613553846561e+01
1.392580502801769349e+01
1.392563487310207648e+01
1.394275655970151107e+01
1.394084477297747249e+01
1.393318716837735671e+01
1.393781583320484074e+01
1.394595814722370974e+01
