1.662008993148186564e-01
5.619163353846007292e-01
6.422503851196564861e-01
6.481981928102192869e-01
6.293516579254413434e-01
6.213799721315849123e-01
5.798053110005623179e-01
6.615496898731928477e-01
3.941463754363469518e-01
6.148862526640982429e-01
5.779874091467115393e-01
5.206245916084081271e-01
5.160039197362509267e-01
6.272075236168178636e-01
6.029604535192144565e-01
5.571835384864444185e-01
5.880686482566155338e-01
4.887507112168908430e-01
3.355774187822789800e-01
5.972952191047214976e-01
