2.924222096543553917e-01
8.078608965128031283e-01
8.058997818303121896e-01
7.942236039907282219e-01
7.430529854487768482e-01
7.830807353384241498e-01
7.661730734031798606e-01
7.592989285953622991e-01
7.493694536140318441e-01
7.678493768245545636e-01
7.762942064195258451e-01
7.513769717210908583e-01
7.833381126358315294e-01
7.683363003996280804e-01
7.696939999300479451e-01
6.729647612199125550e-01
7.671134062976123769e-01
7.571370109642060475e-01
7.663471222958874174e-01
7.422752280951503412e-01
