2.816465433621769265e-01
6.603120996413450738e-01
6.750042800761820727e-01
4.864886563964297417e-01
5.516788298975874305e-01
5.561235050315790351e-01
6.249983438579179706e-01
6.055491218330270042e-01
6.456554809920668214e-01
6.576045321388692688e-01
6.722068507749120458e-01
6.673519007566568462e-01
6.669026311665708917e-01
6.697874161880178479e-01
6.320837135035246579e-01
6.746326219007228175e-01
6.443796124894314303e-01
4.386503887755751063e-01
6.409294997706949104e-01
6.300228081950925985e-01
