2.133608833189313825e-01
6.117115243825306248e-01
2.550351129279611606e-01
3.800326929361338424e-01
5.669108248989682686e-01
6.146730649440650396e-01
6.503086705350707986e-01
3.238676320942961984e-01
6.177463190547860528e-01
6.378192677379608266e-01
3.124781410300630502e-01
3.114926936572595673e-01
6.117756126583416831e-01
5.071600417457378107e-01
6.074701774174003921e-01
6.296790930880229453e-01
6.254264624578249609e-01
6.297806506169543184e-01
6.337750156989987449e-01
6.300283382842410962e-01
