1.405486602762159620e+01
1.392393590608442011e+01
1.392437974339144091e+01
1.393402307280790176e+01
1.399941454728564416e+01
1.401450677691159896e+01
1.403560535832837175e+01
1.400480469315551169e+01
1.417474148412590296e+01
1.404042712745948052e+01
1.403161265479886310e+01
1.400658685767532319e+01
1.400380323618583311e+01
1.399887007531839700e+01
1.402005025259340876e+01
1.401705785256135073e+01
1.400729285326748297e+01
1.400436681971599384e+01
1.399007019295531506e+01
1.398877004682355540e+01
