2.927227158785475902e-01
8.209004770441664656e-01
7.850538788393697232e-01
7.742603340938076784e-01
6.928931225902779101e-01
7.880487528634089189e-01
7.787831269622975672e-01
7.915570526295786502e-01
3.557694335472078584e-01
5.962237192241452988e-01
6.556387107702339456e-01
7.296013516042660907e-01
7.352098660188615131e-01
7.304240999809281654e-01
6.092816175015085545e-01
7.165144461257487718e-01
7.092636942131608224e-01
7.096667608281536088e-01
7.343702809644560014e-01
7.073808240667623926e-01
