1.019026967844977316e-01
8.542702484180041411e-01
8.502068515191851805e-01
8.548531786177145930e-01
8.518015257115878480e-01
8.523098258320842557e-01
8.550190557599782748e-01
8.573612655722944176e-01
8.516045843217502354e-01
8.532548308766548795e-01
8.588482094323850458e-01
8.553625446819252964e-01
8.538811248365064666e-01
8.575539862253088730e-01
8.527007028885882356e-01
8.533695638329076294e-01
8.610067854795350195e-01
8.543852458493822466e-01
8.574095205186410551e-01
8.577513925760313906e-01
