1.008949509114959731e-01
8.505175906762393323e-01
8.557319716017235400e-01
8.514494703637338624e-01
8.555367618885182379e-01
8.537795578529367990e-01
8.568414556044916530e-01
8.538903871127270229e-01
8.546042941499085721e-01
8.529330578098351934e-01
8.530504034472135011e-01
8.538038452194937067e-01
8.541575841945079350e-01
8.576473022008129776e-01
8.532713135075368216e-01
8.506974639450342046e-01
8.542360123996121102e-01
8.568660330536302938e-01
8.546756031085426253e-01
8.529319417391444391e-01
