8.756611728843216591e-02
8.418735681524344150e-01
8.348023854813928502e-01
8.409677738079135434e-01
8.378015628101619372e-01
8.393915790090467066e-01
8.330416942564042859e-01
8.413507187999483827e-01
8.390068628415902063e-01
8.353129543459246742e-01
8.382524001784881218e-01
8.392384444036741220e-01
8.379911374777064825e-01
8.454221886585224777e-01
8.365964494870327117e-01
8.346768225841190159e-01
8.361793212766349681e-01
8.393880737381905766e-01
8.401172771441380860e-01
8.356803458154657971e-01
