8.869340588662473490e-02
8.392177090079205870e-01
8.390890308206615522e-01
8.390723178489934986e-01
8.427987066439261987e-01
8.390407222344060667e-01
8.420314653907211566e-01
8.371968517187055037e-01
8.377493307239727294e-01
8.414694043726728134e-01
8.362141541691008317e-01
8.365100705194716824e-01
8.406959982443277246e-01
8.404673414947678722e-01
8.357165180558934203e-01
8.386098230226504135e-01
8.402516431015490950e-01
8.391944319751386550e-01
8.415484719288109927e-01
8.336606204279179977e-01
