8.681206217197434682e-02
8.364243881655377688e-01
8.347819246175551822e-01
8.414649689767712548e-01
8.404456722003983415e-01
8.366911730099602096e-01
8.401501814637790666e-01
8.379078451471266842e-01
8.380165284302648621e-01
8.426495636844908432e-01
8.397797950011205437e-01
8.406312974866770871e-01
8.352240889616679986e-01
8.371781373567496187e-01
8.431670895104227403e-01
8.397141280734630175e-01
8.410008809705121768e-01
8.374653560823631659e-01
8.438048607396957390e-01
8.389428246972744363e-01
