8.593457572948923207e-02
8.438846672105708713e-01
8.429115349046091277e-01
8.363972476953867030e-01
8.347460354521983872e-01
8.389279836759154785e-01
8.411596138564266800e-01
8.401530835100302630e-01
8.399455204851435930e-01
8.388505086771534947e-01
8.376648119823887351e-01
8.407810671774543776e-01
8.393396891868201148e-01
8.335364039862230845e-01
8.371225124271054474e-01
8.384576099845617581e-01
8.367802955007770382e-01
8.381101907189283384e-01
8.408024780640358520e-01
8.411073452035545683e-01
