1.385940039301942761e+01
1.407030212996828133e+01
1.412013475725380474e+01
1.409910835059971213e+01
1.407118816185249521e+01
1.406419730942546131e+01
1.405905986902073579e+01
1.405181961988451711e+01
1.405589980708422715e+01
1.405275162948868761e+01
1.404763377855020323e+01
1.404753406301463592e+01
1.404971800687674843e+01
1.404291298218409167e+01
1.404188628684230089e+01
1.404058530974215202e+01
1.403686146381946287e+01
1.403525108306662261e+01
1.403729551565893630e+01
1.404326344807924265e+01
