1.354679178407796059e+01
1.391275694817904096e+01
1.400133546381609584e+01
1.403216013654594185e+01
1.405699761368114586e+01
1.407700782593907007e+01
1.408490622974108675e+01
1.408577818235260182e+01
1.407992910650965435e+01
1.405993961952792226e+01
1.405819772260906753e+01
1.406301401198112622e+01
1.405671984260692220e+01
1.405448130233474302e+01
1.405890681214861537e+01
1.405510217463128164e+01
1.405770624373602828e+01
1.405823690768452394e+01
1.405802781758173126e+01
1.405895671437907346e+01
