1.497689670481440238e+01
1.418181916492195960e+01
1.411565362612648045e+01
1.407625163841454174e+01
1.408170988944116964e+01
1.407403268722313250e+01
1.408370865070351563e+01
1.408090454395606628e+01
1.408070042665251975e+01
1.408054186933346763e+01
1.408391131945680108e+01
1.407916837434300916e+01
1.407622056357561924e+01
1.407670704607915368e+01
1.407829416985082460e+01
1.407224979843602952e+01
1.407266222161456426e+01
1.407509712641719624e+01
1.407440010137516140e+01
1.407272183752853856e+01
