9.997339119124028228e-02
8.512926059415487634e-01
8.558958847790922864e-01
8.557797160619168286e-01
8.573473250314901373e-01
8.474470369645653589e-01
8.595319189175388841e-01
8.544169906974721229e-01
8.549828417707157069e-01
8.636791108561776564e-01
8.549931621645708857e-01
8.544851053117668016e-01
8.594563880480861062e-01
8.536582121091320641e-01
8.595920850381686407e-01
8.530109356231578843e-01
8.568894712658930990e-01
8.570396744936573663e-01
8.594039207004798842e-01
8.540673423906450790e-01
