1.551091317041598749e+01
1.417316125279385552e+01
1.405625097089951581e+01
1.402675345178345090e+01
1.402635803390920444e+01
1.404076208393222558e+01
1.405532502297158359e+01
1.405616979512608644e+01
1.405824217397166187e+01
1.406307114844758210e+01
1.405738304092687230e+01
1.406394532759737004e+01
1.406798905194601979e+01
1.406819566520141151e+01
1.406745959867757989e+01
1.406986939300772477e+01
1.406989064082475949e+01
1.406807436227327024e+01
1.406850103737636459e+01
1.406700078067582815e+01
