1.080978796597959479e-01
8.525048909570936972e-01
8.497294664293069122e-01
8.527563810725327098e-01
8.521743048669566667e-01
8.553235972870105730e-01
8.579483632592106446e-01
8.562602320398526867e-01
8.537980742595328021e-01
8.545989590242279998e-01
8.566043042326564327e-01
8.566777410436956508e-01
8.567947124525523428e-01
8.562133287959329264e-01
8.554165802366320293e-01
8.558548750277772399e-01
8.537404095504435020e-01
8.540240987528979755e-01
8.579272682380307824e-01
8.522836122162383843e-01
