1.013539196214119781e-01
8.517677881487157876e-01
8.525018818835906620e-01
8.558888026176366681e-01
8.501412770297167576e-01
8.536378904413790547e-01
8.550201440088692761e-01
8.524495469761529387e-01
8.501966502096506284e-01
8.588898813893119932e-01
8.583813731887929288e-01
8.548854115512708463e-01
8.568133504969248637e-01
8.552149841912843886e-01
8.542369200613600944e-01
8.528426095691721276e-01
8.579077709407461061e-01
8.533489652953689664e-01
8.563471923619744297e-01
8.583714750847932784e-01
