1.433975888224126827e+01
1.414647062574392855e+01
1.416930681155903393e+01
1.414020664263747129e+01
1.410431391977659210e+01
1.408808423525621123e+01
1.409726657903762082e+01
1.410423086000309034e+01
1.409918310059553193e+01
1.408877681691045147e+01
1.408520436126489628e+01
1.408040403671054897e+01
1.407974879922344691e+01
1.408280332980228167e+01
1.408126435456446934e+01
1.408364309526503000e+01
1.408412627594258737e+01
1.407886090946905888e+01
1.408132815395958026e+01
1.408253837602346614e+01
