2.293410049889053242e-04
1.011289184591629973e-04
3.041630408335939742e-04
1.489911963897846265e-04
1.382873409718350785e-03
1.698017544033565121e-04
1.636901083488530285e-04
1.730494114733748499e-03
3.778666797656988390e-04
2.982252757862968034e-03
1.268949154467934222e-03
5.998046931019535488e-04
2.271717555649261603e-04
7.503100304913460326e-03
8.580945376484464676e-03
2.188841765664203964e-02
4.908080198153695617e-02
2.791302556742751850e-01
7.758245971242115901e-01
8.233433214120176036e-01
