5.840496854015043288e-04
1.000228316861876234e-04
1.096788662721525460e-03
4.756263052297093896e-04
1.137373089875798977e-03
1.440847400648179925e-04
1.614849346136982156e-04
7.291774859814737202e-04
1.999467959991011595e-04
6.780223206748013827e-03
6.823463055038084648e-04
1.166185765368786282e-03
1.771705610471065563e-03
6.916903723383148808e-03
7.417590059108954137e-02
3.714774589606107402e-01
7.804346823244202591e-01
8.243618473089091570e-01
8.228424932241995560e-01
8.251769853596575555e-01
