2.291042974360854394e-04
1.572236776919174307e-04
1.554434260654599133e-04
1.062879749492845336e-04
2.752618318167300853e-04
1.240900846819309412e-04
2.242500163771977506e-04
5.682634194268418402e-04
1.308093212107716997e-03
5.268602313862383833e-04
1.580375160005639346e-03
2.766386404278052026e-03
1.708889692766569698e-03
8.483757299518954317e-04
4.901558254827850314e-04
6.077665612016601568e-04
4.616014555945999296e-04
1.039140714759129169e-02
2.674331761807811625e-01
6.661859150588057554e-01
