7.532180079117965698e+10
1.110720458944130516e+10
1.140625096950295210e+09
8.463571100792427500e+14
2.526638032587678906e+13
6.895061702110516250e+14
1.426251479785303438e+14
3.223554351199048000e+16
2.168687758507191000e+15
1.674762033472308800e+16
2.711248491616064000e+16
4.104694195523416800e+16
3.539376872546233200e+16
3.920937339719733600e+16
3.961823664589941600e+16
3.988327371620887200e+16
4.007503975201361600e+16
4.020401945392164000e+16
4.028075437728944800e+16
4.033650597970948800e+16
