1.818307630281931861e-04
1.013860061605647287e-04
8.136898500086680881e-04
5.030885302770032484e-04
1.092755983162602379e-04
1.033334586009736515e-04
4.809844051186357421e-04
1.557108119011261214e-04
2.096112439368298924e-03
2.458777678333808926e-03
4.508886188060733688e-04
4.427700151800588067e-04
2.780276602322443932e-02
1.340436815902773006e-02
4.163721847214141986e-02
2.358841847072953579e-01
6.438228001592383176e-01
8.127964393008181299e-01
8.249521311818595048e-01
8.306716118754795541e-01
