1.646353332637011475e+12
9.417255281663394928e+09
1.066974291058213654e+11
6.190701591862844467e+09
1.679868995512460312e+14
1.237104687013741699e+12
4.107624370246088125e+14
1.656268467183429688e+13
7.698036053587277500e+14
2.050637313318277500e+14
1.537443047044100000e+16
1.164631020384563500e+15
7.986276209445648000e+15
2.075919893800048400e+16
2.194340976462764800e+16
3.830174070721860800e+16
3.878564301168651200e+16
3.927897418559661600e+16
3.974829409210335200e+16
4.005342669915216800e+16
