3.174016111566102295e+11
2.311067730871350288e+09
4.943589452430628052e+11
1.704680765998354149e+10
5.167387647539805664e+12
3.079209465170149536e+11
1.550008973301047000e+15
6.660263530087816406e+12
1.731744146724680312e+14
5.815230209986484375e+13
1.537407737469441000e+16
1.966459141715891250e+14
2.922543335485091000e+15
5.409344212460677000e+15
1.029660737265244000e+16
9.205954087230650000e+15
4.004648085962579200e+16
5.453170649815761600e+16
3.320509286814930000e+16
3.798267995524339200e+16
