1.104449585616050793e-04
1.004257559946945274e-04
9.448864924244672293e-04
1.817238541576046262e-04
1.000464471089329772e-04
1.365012664280977638e-04
9.814127239460724433e-04
1.059574584361610238e-04
1.523233872875799882e-04
1.418748992490021432e-04
1.003562414862812206e-04
1.327999930850461011e-03
2.479628301771064514e-03
1.457792216780539989e-03
3.484587885427860841e-04
5.144215513884199892e-04
1.680007298302627896e-03
5.853735167620216506e-02
4.117834946154755871e-01
7.234081475545965922e-01
