1.000054869011662926e-04
1.041602700315352373e-04
1.189610076285963375e-04
1.000150168506670718e-04
7.349589391713307312e-04
4.726338607691548191e-04
1.355222746572091747e-04
1.268964862717064808e-04
1.836502155599114108e-04
1.042809312959920765e-04
3.974583281830895926e-04
1.090957603405623872e-04
3.763732009973273394e-04
2.047399763557786483e-04
1.011552896058490626e-03
4.145153177139722215e-04
6.316130884857229684e-03
1.314789140160745051e-01
5.772102774438400141e-01
7.515553791642340942e-01
