1.487980048523718608e+02
1.409973170814527066e+02
1.403858430038006873e+02
1.404497747491002144e+02
1.405792722683897011e+02
1.404949844842157916e+02
1.405857199487852540e+02
1.406933413203300347e+02
1.410236177612524386e+02
1.410959358646754822e+02
1.410721194246237076e+02
1.409805267304039944e+02
1.409950900026462648e+02
1.409618830530075115e+02
1.409312090549177299e+02
1.408335423447232984e+02
1.408926531948432626e+02
1.408691697751230834e+02
1.408623461751856212e+02
1.408118442148178531e+02
