1.374863065939784142e-02
7.045737148030002395e-01
7.285901415504630885e-01
7.300139104576808258e-01
7.355314380971714749e-01
7.363245182979639702e-01
7.265297691012777559e-01
7.294796584398655082e-01
7.363056369453666594e-01
7.316457514898285774e-01
7.329552924452432672e-01
7.377841963299991423e-01
7.326850745885240546e-01
7.273782797969643443e-01
7.328361576844935055e-01
7.299194652846446862e-01
7.354928988673007373e-01
7.276473797512986730e-01
7.303700808845364767e-01
7.323497663028886162e-01
