8.827647466669169551e-03
6.694105564777200756e-01
7.004360163287611796e-01
7.035270389431218518e-01
7.005839903274329039e-01
7.043607003995510096e-01
7.016138243805625230e-01
6.995825677911750029e-01
7.010509899471653039e-01
7.038447213453883355e-01
7.014464979576648940e-01
7.025531848336092899e-01
7.061946106864911421e-01
7.032950902242858238e-01
7.009549028942161364e-01
7.055669291523497533e-01
6.975576066177221479e-01
6.982128314706658179e-01
7.002992904492773008e-01
6.980630516148822462e-01
