1.044193882047476083e-04
1.155006359214305877e-04
2.716199804194853592e-04
1.380885560421198695e-04
7.221633726936545336e-04
3.708653692044617482e-03
3.189951799742881625e-04
3.165163199870074835e-03
1.746438839315842678e-02
2.190417307110979206e-01
7.623839278698985034e-01
9.261374476005116430e-01
9.570334834620031206e-01
9.695959140007428534e-01
9.761080663444844374e-01
9.810832795516604143e-01
9.838350004897428169e-01
9.861558129442926646e-01
9.875062653999059359e-01
9.887667111681279764e-01
