2.142529928294641464e-03
4.572707146591307743e-04
1.593937155924295200e-04
1.848722206143042378e-04
5.927647063545647558e-04
8.805446284171566679e-04
1.127581926803198492e-02
5.916283629951674811e-02
5.171494383493334679e-01
8.707321568045550686e-01
9.491874272202236451e-01
9.616839879857118634e-01
9.715450886628370641e-01
9.742066692202147049e-01
9.791311285180849255e-01
9.821594314060505537e-01
9.849479772676231759e-01
9.867212593735252835e-01
9.874190453283101521e-01
9.889032593255159265e-01
