2.823499410709950572e-03
1.531390516187673646e-04
3.511389736509060730e-04
4.332535823191771031e-03
1.299151410986710935e-03
1.122085898138037649e-02
4.633159126590915000e-01
8.811517847433241180e-01
9.524062932525585445e-01
9.690509223012113704e-01
9.753228349923546148e-01
9.785193661072044691e-01
9.833338177288113435e-01
9.848714459624132722e-01
9.869227685252366378e-01
9.887632614563940381e-01
9.894995420631159666e-01
9.903768366843038740e-01
9.911054807490163876e-01
9.912124082148281445e-01
