4.412614241071886569e+07
2.150305073471103013e+08
9.222867050492438674e+07
9.667222214969123602e+08
6.784423481690986156e+08
2.704631918530646324e+09
2.402913645700531006e+09
3.993723447245847702e+09
4.449994948806292534e+09
4.547695574098552704e+09
4.615236015417641640e+09
4.654401457520021439e+09
4.675263629561518669e+09
4.688922020224806786e+09
4.698587615523215294e+09
4.706350549535628319e+09
4.713460869169404030e+09
4.717882083592731476e+09
4.723185984518447876e+09
4.727146579346138954e+09
