2.963999246765284569e-03
7.259534683023538115e-04
3.298031128446447368e-03
6.376826894067964130e-03
5.622873542268549962e-03
8.288019862805180368e-03
5.132174202947257374e-02
2.702611484169855638e-01
8.203918462618662311e-01
9.515667963173631838e-01
9.737334742010209654e-01
9.810140095680457417e-01
9.859064241975590281e-01
9.874194097632511546e-01
9.897180620383675409e-01
9.912556907033811537e-01
9.920627495714742228e-01
9.929797315719556261e-01
9.933739146818856280e-01
9.941519150661028981e-01
